Desktop Folder:soc9/9:D02DAYLIGHT   9 Sep 2000
336
30
0000
20000909 0000  01111
20000909 0030  01111
20000909 0100  01111
20000909 0130  00101
20000909 0200  00101
20000909 0230  00101
20000909 0300  00101
20000909 0330  00101
20000909 0400  00101
20000909 0430  00101
20000909 0500  00101
20000909 0530  00101
20000909 0600  00101
20000909 0630  00101
20000909 0700  00101
20000909 0730  00101
20000909 0800  00101
20000909 0830  10101
20000909 0900  10101
20000909 0930  10101
20000909 1000  10101
20000909 1030  10101
20000909 1100  10101
20000909 1130  10101
20000909 1200  10101
20000909 1230  10101
20000909 1300  10101
20000909 1330  11111
20000909 1400  11111
20000909 1430  11111
20000909 1500  11111
20000909 1530  01111
20000909 1600  01111
20000909 1630  01111
20000909 1700  01111
20000909 1730  01111
20000909 1800  01111
20000909 1830  01111
20000909 1900  01111
20000909 1930  01111
20000909 2000  01111
20000909 2030  01111
20000909 2100  01111
20000909 2130  01111
20000909 2200  01111
20000909 2230  01111
20000909 2300  01111
20000909 2330  01111
20000910 0000  01111
20000910 0030  01111
20000910 0100  01111
20000910 0130  00101
20000910 0200  00101
20000910 0230  00101
20000910 0300  00101
20000910 0330  00101
20000910 0400  00101
20000910 0430  00101
20000910 0500  00101
20000910 0530  00101
20000910 0600  00101
20000910 0630  00101
20000910 0700  00101
20000910 0730  00101
20000910 0800  00101
20000910 0830  00101
20000910 0900  00101
20000910 0930  00101
20000910 1000  00101
20000910 1030  00101
20000910 1100  00101
20000910 1130  00101
20000910 1200  00101
20000910 1230  00101
20000910 1300  00101
20000910 1330  01111
20000910 1400  01111
20000910 1430  01111
20000910 1500  01111
20000910 1530  01111
20000910 1600  01111
20000910 1630  01111
20000910 1700  01111
20000910 1730  01111
20000910 1800  01111
20000910 1830  01111
20000910 1900  01111
20000910 1930  01111
20000910 2000  01111
20000910 2030  01111
20000910 2100  01111
20000910 2130  01111
20000910 2200  01111
20000910 2230  01111
20000910 2300  01111
20000910 2330  01111
20000911 0000  01111
20000911 0030  01111
20000911 0100  01111
20000911 0130  00101
20000911 0200  00101
20000911 0230  00101
20000911 0300  00101
20000911 0330  00101
20000911 0400  00101
20000911 0430  00101
20000911 0500  00101
20000911 0530  00101
20000911 0600  00101
20000911 0630  00101
20000911 0700  00101
20000911 0730  00101
20000911 0800  00101
20000911 0830  00101
20000911 0900  00101
20000911 0930  00101
20000911 1000  00101
20000911 1030  00101
20000911 1100  00101
20000911 1130  00101
20000911 1200  00101
20000911 1230  00101
20000911 1300  00101
20000911 1330  01111
20000911 1400  01111
20000911 1430  01111
20000911 1500  01111
20000911 1530  01111
20000911 1600  01111
20000911 1630  01111
20000911 1700  01111
20000911 1730  01111
20000911 1800  01111
20000911 1830  01111
20000911 1900  01111
20000911 1930  01111
20000911 2000  01111
20000911 2030  01111
20000911 2100  01111
20000911 2130  01111
20000911 2200  01111
20000911 2230  01111
20000911 2300  01111
20000911 2330  01111
20000912 0000  01111
20000912 0030  01111
20000912 0100  01111
20000912 0130  00101
20000912 0200  00101
20000912 0230  00101
20000912 0300  00101
20000912 0330  00101
20000912 0400  00101
20000912 0430  00101
20000912 0500  00101
20000912 0530  00101
20000912 0600  00101
20000912 0630  00101
20000912 0700  00101
20000912 0730  00101
20000912 0800  00101
20000912 0830  00101
20000912 0900  00101
20000912 0930  00101
20000912 1000  00101
20000912 1030  00101
20000912 1100  00101
20000912 1130  00101
20000912 1200  00101
20000912 1230  00101
20000912 1300  00101
20000912 1330  01111
20000912 1400  01111
20000912 1430  01111
20000912 1500  01111
20000912 1530  01111
20000912 1600  01111
20000912 1630  01111
20000912 1700  01111
20000912 1730  01111
20000912 1800  01111
20000912 1830  01111
20000912 1900  01111
20000912 1930  01111
20000912 2000  01111
20000912 2030  01111
20000912 2100  01111
20000912 2130  01111
20000912 2200  01111
20000912 2230  01111
20000912 2300  01111
20000912 2330  01111
20000913 0000  01111
20000913 0030  01111
20000913 0100  01111
20000913 0130  00101
20000913 0200  00101
20000913 0230  00101
20000913 0300  00101
20000913 0330  00101
20000913 0400  00101
20000913 0430  00101
20000913 0500  00101
20000913 0530  00101
20000913 0600  00101
20000913 0630  00101
20000913 0700  00101
20000913 0730  00101
20000913 0800  00101
20000913 0830  00101
20000913 0900  00101
20000913 0930  00101
20000913 1000  00101
20000913 1030  00101
20000913 1100  00101
20000913 1130  00101
20000913 1200  00101
20000913 1230  00101
20000913 1300  00001
20000913 1330  01011
20000913 1400  01011
20000913 1430  01011
20000913 1500  01011
20000913 1530  01011
20000913 1600  01011
20000913 1630  01011
20000913 1700  01011
20000913 1730  01011
20000913 1800  01011
20000913 1830  01011
20000913 1900  01011
20000913 1930  01011
20000913 2000  01011
20000913 2030  01011
20000913 2100  01011
20000913 2130  01011
20000913 2200  01011
20000913 2230  01110
20000913 2300  01110
20000913 2330  01110
20000914 0000  01110
20000914 0030  01110
20000914 0100  01110
20000914 0130  00100
20000914 0200  00100
20000914 0230  00100
20000914 0300  00100
20000914 0330  00100
20000914 0400  00100
20000914 0430  00100
20000914 0500  00100
20000914 0530  00100
20000914 0600  00100
20000914 0630  00100
20000914 0700  00100
20000914 0730  00100
20000914 0800  00100
20000914 0830  00100
20000914 0900  00100
20000914 0930  00100
20000914 1000  00100
20000914 1030  00001
20000914 1100  00101
20000914 1130  00101
20000914 1200  00101
20000914 1230  00101
20000914 1300  00101
20000914 1330  01111
20000914 1400  01111
20000914 1430  01111
20000914 1500  01011
20000914 1530  01011
20000914 1600  01011
20000914 1630  01011
20000914 1700  01011
20000914 1730  01011
20000914 1800  01011
20000914 1830  01011
20000914 1900  01011
20000914 1930  01011
20000914 2000  01011
20000914 2030  01011
20000914 2100  01011
20000914 2130  01111
20000914 2200  01111
20000914 2230  01110
20000914 2300  01110
20000914 2330  01110
20000915 0000  01110
20000915 0030  01110
20000915 0100  01110
20000915 0130  00100
20000915 0200  00100
20000915 0230  00100
20000915 0300  00100
20000915 0330  00100
20000915 0400  00100
20000915 0430  00100
20000915 0500  00100
20000915 0530  00100
20000915 0600  00100
20000915 0630  00100
20000915 0700  00100
20000915 0730  00100
20000915 0800  00100
20000915 0830  00100
20000915 0900  00100
20000915 0930  00000
20000915 1000  00000
20000915 1030  00001
20000915 1100  00001
20000915 1130  00001
20000915 1200  00001
20000915 1230  00001
20000915 1300  00001
20000915 1330  01011
20000915 1400  01011
20000915 1430  01011
20000915 1500  01011
20000915 1530  01011
20000915 1600  01011
20000915 1630  01011
20000915 1700  01011
20000915 1730  01011
20000915 1800  01011
20000915 1830  01011
20000915 1900  01011
20000915 1930  01011
20000915 2000  01011
20000915 2030  01011
20000915 2100  01011
20000915 2130  01111
20000915 2200  01111
20000915 2230  01110
20000915 2300  01110
20000915 2330  01110
