Desktop Folder:soc9/9:D02M088C20   9 Sep 2000
336
30
0000
 -501
 -501
 -501
 -501
 -501
 -501
 -501
 -501
 -501
 -501
 -501
 -501
 -501
 -501
 -501
 -501
 -501
 -501
 -501
 -501
 -501
 -501
 -501
 -501
 -501
 -501
 -501
 -501
 -501
 -501
 -501
 -501
 -501
 -501
 -501
 -241
0
2
0
0
8
18
21
0
0
0
58
4
0
0
0
0
0
42
45
0
0
0
94
14
0
1
37
53
0
6
1
77
2
23
42
0
0
32
70
35
30
71
52
26
32
4
0
0
0
0
0
39
3
0
0
1
6
48
25
13
0
0
0
0
0
0
0
0
5
62
7
35
30
0
12
51
23
0
39
22
15
25
33
3
13
0
0
20
81
83
17
26
16
3
0
0
0
0
0
35
43
0
3
4
0
1
31
4
0
0
18
0
0
0
0
29
0
27
8
0
5
17
22
0
17
0
15
41
0
0
0
31
32
27
28
9
17
25
25
37
15
0
0
0
0
1
60
0
0
3
0
0
0
0
10
14
0
2
3
45
0
26
21
10
2
0
25
0
16
0
0
38
51
76
0
19
20
0
0
45
3
32
0
0
35
45
27
20
0
0
0
0
0
0
0
0
0
0
0
0
0
0
0
33
0
0
0
0
45
9
0
63
0
22
21
0
9
20
0
9
0
18
7
15
27
42
53
14
16
21
24
0
0
39
20
7
0
0
0
0
0
0
39
0
0
0
0
52
1
7
0
0
0
0
73
3
0
3
21
8
43
17
0
41
23
3
24
10
27
1
0
26
10
19
43
0
30
34
35
17
0
0
0
0
0
0
0
0
0
0
0
0
0
0
0
0
0
56
29
0
