Desktop Folder:soc9/9:D02M090C30   9 Sep 2000
336
30
0000
 -501
 -501
 -501
 -501
 -501
 -501
 -501
 -501
 -501
 -501
 -501
 -501
 -501
 -501
 -501
 -501
 -501
 -501
 -501
 -501
 -501
 -501
 -501
 -501
 -501
 -501
 -501
 -501
 -501
 -501
 -501
 -501
 -501
 -501
 -501
 -241
44
46
29
0
17
27
0
41
36
77
63
32
19
0
10
45
0
36
26
0
47
60
15
0
0
0
0
5
10
0
12
7
1
0
34
45
4
0
9
77
36
38
28
0
0
27
48
25
39
23
31
0
9
7
17
44
12
24
34
23
34
0
14
0
0
10
0
0
3
13
0
0
0
0
14
0
0
0
2
16
7
0
0
0
9
0
47
39
78
15
0
8
12
33
39
32
0
0
21
10
19
48
37
65
23
51
15
23
0
0
0
0
19
18
4
0
0
0
0
2
19
15
4
2
7
3
0
29
7
29
0
2
9
52
0
0
0
32
31
12
39
0
0
0
20
40
2
8
34
58
14
36
0
16
0
38
47
0
0
5
0
0
0
0
0
0
0
0
0
0
0
0
8
0
8
0
5
0
0
0
27
28
34
10
0
11
0
31
28
37
32
0
53
52
37
22
55
31
16
17
15
20
25
19
27
2
0
0
0
0
0
0
0
9
6
0
0
0
0
5
0
0
4
0
0
3
15
10
0
36
30
6
16
2
14
1
31
23
8
19
9
26
24
14
0
30
4
9
23
3
0
0
0
4
0
0
0
0
0
0
0
0
0
0
0
2
2
0
0
0
0
0
3
20
0
0
5
23
12
0
14
0
22
6
10
3
0
0
13
3
14
22
9
13
0
11
2
2
11
3
