Desktop Folder:soc9/9:D02M090C26   9 Sep 2000
336
30
0000
 -501
 -501
 -501
 -501
 -501
 -501
 -501
 -501
 -501
 -501
 -501
 -501
 -501
 -501
 -501
 -501
 -501
 -501
 -501
 -501
 -501
 -501
 -501
 -501
 -501
 -501
 -501
 -501
 -501
 -501
 -501
 -501
 -501
 -501
 -501
 -241
74
55
66
70
94
67
71
47
65
82
51
105
62
33
0
0
70
90
21
0
0
0
0
0
0
44
81
97
63
5
5
4
44
53
66
152
56
22
0
37
69
52
29
51
50
27
44
0
44
0
0
43
93
109
53
56
30
41
47
4
0
0
13
16
24
16
41
8
0
3
47
18
0
0
5
5
0
12
13
32
43
26
57
45
62
55
7
0
1
1
44
61
45
24
29
12
52
29
0
79
41
40
0
0
0
54
56
6
0
0
0
52
19
0
12
19
6
1
26
4
21
0
8
41
2
2
1
23
40
22
54
45
8
0
5
19
57
38
37
11
4
5
35
21
8
9
64
72
1
0
29
61
0
6
69
19
41
0
12
21
24
8
20
37
17
25
21
6
6
27
2
0
9
60
34
6
0
13
10
16
8
36
38
44
2
21
17
50
16
12
0
52
7
20
13
30
55
50
53
29
7
38
13
0
41
14
0
0
0
1
41
0
0
27
0
0
0
0
46
0
15
4
5
31
4
2
49
16
31
2
25
30
15
0
28
6
10
0
27
21
40
33
29
7
0
46
30
28
27
0
13
0
58
33
16
11
46
6
0
0
30
19
25
8
12
47
21
24
0
0
12
34
20
39
23
18
1
0
0
44
0
46
13
18
26
41
3
2
11
25
28
27
13
0
16
2
34
4
32
21
