Desktop Folder:soc9/9:D02M090C19   9 Sep 2000
336
30
0000
 -501
 -501
 -501
 -501
 -501
 -501
 -501
 -501
 -501
 -501
 -501
 -501
 -501
 -501
 -501
 -501
 -501
 -501
 -501
 -501
 -501
 -501
 -501
 -501
 -501
 -501
 -501
 -501
 -501
 -501
 -501
 -501
 -501
 -501
 -501
 -241
21
90
49
70
78
84
112
0
34
36
0
0
41
0
0
0
0
0
0
45
42
2
5
71
0
52
0
0
0
0
0
25
45
0
31
24
0
0
28
12
0
32
87
55
33
0
59
24
59
46
78
80
43
31
101
87
54
42
0
0
1
0
0
0
0
0
0
0
0
27
44
12
8
2
22
15
0
0
0
55
72
6
0
0
0
0
82
21
0
0
0
5
56
84
32
31
44
45
65
11
42
14
44
46
22
22
0
0
0
0
0
10
2
0
0
0
2
0
0
0
0
0
42
0
0
0
0
25
17
36
25
0
0
0
0
45
23
26
72
68
51
0
0
29
58
32
40
39
38
41
41
16
28
48
0
0
12
0
0
1
0
0
0
3
0
0
0
0
3
0
42
0
0
4
0
0
1
0
46
9
0
0
0
0
29
32
12
34
6
35
38
7
49
83
31
27
17
25
28
2
0
2
0
0
0
0
0
1
0
0
0
0
0
26
0
11
21
0
61
0
0
0
0
0
0
0
37
34
16
7
4
0
27
49
0
0
0
0
0
42
28
34
52
31
32
40
76
12
0
0
11
0
20
22
0
0
0
10
0
0
0
5
0
15
38
61
0
0
0
0
0
0
4
36
2
3
29
8
6
47
2
0
0
73
5
0
10
48
17
34
47
41
10
42
59
18
0
0
0
0
