Desktop Folder:soc9/9:D02M088C21   9 Sep 2000
336
30
0000
 -501
 -501
 -501
 -501
 -501
 -501
 -501
 -501
 -501
 -501
 -501
 -501
 -501
 -501
 -501
 -501
 -501
 -501
 -501
 -501
 -501
 -501
 -501
 -501
 -501
 -501
 -501
 -501
 -501
 -501
 -501
 -501
 -501
 -501
 -501
 -241
23
41
5
0
0
4
4
0
0
11
19
8
25
20
37
3
5
8
0
17
42
12
0
0
4
4
13
23
14
3
11
5
10
2
3
12
12
5
40
25
54
22
26
10
65
20
33
40
22
27
23
15
27
12
20
17
16
13
3
13
20
0
16
12
53
21
34
6
13
14
13
19
17
13
17
10
17
14
28
20
9
16
26
27
12
27
14
39
22
26
11
21
26
48
40
24
40
25
19
33
43
8
30
27
20
16
31
27
10
11
22
19
18
11
0
0
24
30
12
8
9
3
17
9
15
18
16
12
21
5
10
1
1
32
20
35
14
10
42
19
10
24
37
32
10
18
16
18
5
16
13
8
19
12
2
10
23
8
7
8
22
0
3
7
2
11
18
8
17
19
5
8
5
7
12
27
37
16
6
7
12
17
2
5
19
15
8
9
20
17
15
9
12
24
14
8
6
8
5
2
13
11
12
7
10
8
14
7
4
2
0
13
13
18
15
21
31
7
4
11
12
6
10
10
0
1
0
11
25
5
3
6
6
5
11
2
0
6
10
16
11
1
14
8
0
0
2
8
1
1
7
1
0
9
6
8
10
6
0
9
3
4
6
19
10
12
18
16
12
16
12
6
24
19
7
12
10
6
9
22
14
16
26
23
19
23
4
17
18
7
11
15
4
8
5
0
13
20
18
0
