Desktop Folder:soc9/9:D02M091C06   9 Sep 2000
336
30
0000
 -501
 -501
 -501
 -501
 -501
 -501
 -501
 -501
 -501
 -501
 -501
 -501
 -501
 -501
 -501
 -501
 -501
 -501
 -501
 -501
 -501
 -501
 -501
 -501
 -501
 -501
 -501
 -501
 -501
 -501
 -501
 -501
 -501
 -501
 -501
 -241
59
42
9
24
7
0
0
10
24
7
9
46
74
8
3
6
0
0
1
0
70
0
0
0
0
0
0
2
0
15
0
0
19
0
0
0
0
0
0
39
13
9
53
60
3
74
28
1
3
0
0
0
53
19
14
9
0
0
0
0
0
6
0
22
54
0
10
0
5
17
18
5
0
20
0
1
20
51
16
26
10
11
14
8
29
3
1
22
14
5
0
0
7
21
18
22
5
0
0
17
23
43
5
0
0
0
0
0
0
0
2
18
14
36
9
19
9
27
7
0
0
0
8
3
1
0
8
13
1
7
2
4
4
0
0
21
3
13
3
19
12
0
11
4
4
3
4
0
0
0
0
11
20
1
8
14
29
19
0
6
0
7
15
20
13
17
18
6
11
15
24
17
17
5
12
11
5
12
23
18
7
16
22
25
23
26
30
20
21
20
18
28
30
24
17
0
24
23
17
20
11
16
5
9
19
12
24
6
13
9
4
10
26
21
17
41
30
12
10
13
34
20
31
21
31
20
9
19
29
18
24
20
7
0
21
32
32
43
39
28
34
24
15
17
19
21
21
28
19
24
35
13
5
39
33
35
8
7
19
25
19
22
16
18
22
27
28
15
16
17
3
18
19
19
8
1
0
1
0
0
0
0
0
0
0
0
0
0
0
0
0
0
0
0
0
0
0
0
0
0
