Desktop Folder:soc9/9:D02M090C07   9 Sep 2000
336
30
0000
 -501
 -501
 -501
 -501
 -501
 -501
 -501
 -501
 -501
 -501
 -501
 -501
 -501
 -501
 -501
 -501
 -501
 -501
 -501
 -501
 -501
 -501
 -501
 -501
 -501
 -501
 -501
 -501
 -501
 -501
 -501
 -501
 -501
 -501
 -501
 -241
46
0
0
0
6
16
0
0
0
0
11
0
1
0
5
7
26
78
0
0
73
0
19
0
0
0
51
0
0
21
0
0
44
0
16
1
8
43
45
35
42
63
111
114
109
75
104
80
31
15
0
70
38
38
0
14
34
2
0
0
0
0
35
23
10
33
0
3
0
9
2
6
4
8
0
0
0
8
95
1
19
30
38
0
23
58
26
28
66
113
116
127
99
105
57
70
46
39
32
20
11
42
10
27
7
0
0
0
12
0
10
25
20
18
0
28
0
41
35
12
4
9
10
0
0
18
7
18
0
0
16
16
10
7
33
27
88
44
69
73
40
52
42
54
22
38
2
21
8
22
16
17
19
16
0
20
13
24
29
17
3
9
8
1
46
18
0
5
11
22
0
16
15
4
4
23
4
19
16
23
4
8
26
80
33
53
57
78
30
8
24
23
30
9
55
10
0
0
10
37
35
4
2
29
17
12
0
0
10
22
34
17
0
22
24
0
4
29
30
6
11
8
3
24
21
15
18
20
20
13
29
26
31
31
43
29
22
26
19
43
0
8
33
31
14
7
0
6
16
7
15
25
0
7
0
38
6
14
10
5
19
14
46
20
18
2
5
3
37
0
16
4
20
27
4
18
26
32
11
10
2
34
49
33
38
20
33
31
29
9
5
27
31
40
0
5
17
31
0
54
