Desktop Folder:soc9/9:D02M091C14   9 Sep 2000
336
30
0000
 -501
 -501
 -501
 -501
 -501
 -501
 -501
 -501
 -501
 -501
 -501
 -501
 -501
 -501
 -501
 -501
 -501
 -501
 -501
 -501
 -501
 -501
 -501
 -501
 -501
 -501
 -501
 -501
 -501
 -501
 -501
 -501
 -501
 -501
 -501
 -241
0
17
0
0
0
13
28
12
0
0
0
5
5
14
37
0
0
0
44
0
0
33
0
0
0
0
0
0
0
0
0
0
0
0
89
9
37
4
65
19
35
101
33
1
60
84
53
23
12
11
0
0
0
0
0
0
0
0
0
0
0
0
0
0
6
0
11
14
0
22
8
4
0
0
9
0
0
3
23
6
24
50
188
31
41
48
6
121
0
8
25
77
35
13
52
11
10
0
0
1
0
0
0
0
0
0
0
0
0
0
0
0
0
0
57
15
7
96
36
3
68
26
71
0
10
57
0
32
15
55
6
16
64
98
94
73
22
19
0
0
11
30
6
5
13
4
13
0
2
0
34
35
11
2
0
0
8
4
0
0
0
0
66
0
75
40
0
20
5
2
9
17
17
17
0
0
10
42
19
17
54
2
0
5
17
10
40
24
47
43
24
0
0
0
0
0
0
0
0
0
0
0
0
0
0
57
8
27
33
0
1
14
0
23
8
19
2
8
10
0
3
0
0
6
39
28
31
16
32
17
22
1
11
0
15
16
29
3
0
0
0
14
0
0
0
0
0
0
0
0
0
11
7
0
0
8
1
0
8
2
54
7
0
46
4
0
10
31
31
18
0
70
10
26
13
6
1
7
0
24
47
37
7
0
0
0
3
0
0
0
3
0
0
0
0
0
0
12
0
0
