Desktop Folder:soc9/9:D02M090C31   9 Sep 2000
336
30
0000
 -501
 -501
 -501
 -501
 -501
 -501
 -501
 -501
 -501
 -501
 -501
 -501
 -501
 -501
 -501
 -501
 -501
 -501
 -501
 -501
 -501
 -501
 -501
 -501
 -501
 -501
 -501
 -501
 -501
 -501
 -501
 -501
 -501
 -501
 -501
 -241
53
39
44
41
52
55
34
40
25
35
16
4
57
53
38
8
23
64
22
21
0
0
72
12
0
4
59
24
3
28
0
34
19
37
0
0
16
79
48
32
0
47
36
58
19
17
0
42
23
32
46
0
0
29
37
12
81
42
26
21
0
48
40
0
0
68
12
0
25
49
0
4
25
32
1
40
10
1
4
16
92
7
0
21
84
45
0
15
14
11
59
36
11
26
1
38
48
37
23
18
10
18
19
35
40
25
7
10
23
0
0
0
6
0
0
0
6
7
0
0
45
0
20
12
0
4
4
0
6
45
0
0
19
16
11
25
16
5
2
14
0
0
43
10
31
16
29
6
28
23
39
37
2
14
1
21
0
10
0
7
19
0
0
0
0
19
25
8
19
18
0
0
0
0
10
51
15
15
16
3
43
8
9
0
0
28
35
17
14
16
24
2
27
9
14
9
17
12
17
0
7
14
0
40
0
8
0
22
29
0
0
15
14
3
9
13
2
0
12
0
5
26
13
15
14
18
4
0
39
20
13
0
29
0
0
33
6
31
13
3
23
22
14
12
12
11
11
27
22
22
10
10
10
24
23
0
9
20
16
2
0
12
16
15
5
9
0
14
0
11
0
6
9
17
6
55
13
17
7
30
7
36
27
51
11
0
19
27
22
26
20
2
17
23
25
24
12
22
9
39
