Desktop Folder:soc9/9:D02M088C14   9 Sep 2000
336
30
0000
 -501
 -501
 -501
 -501
 -501
 -501
 -501
 -501
 -501
 -501
 -501
 -501
 -501
 -501
 -501
 -501
 -501
 -501
 -501
 -501
 -501
 -501
 -501
 -501
 -501
 -501
 -501
 -501
 -501
 -501
 -501
 -501
 -501
 -501
 -501
 -241
10
17
58
61
85
33
53
55
0
24
29
0
31
8
0
0
32
22
0
31
0
0
0
0
0
0
17
69
9
0
0
0
0
12
64
28
0
0
10
42
4
8
31
0
46
51
0
78
20
55
21
71
37
12
25
38
11
16
0
50
0
0
18
0
28
19
0
26
3
0
30
9
0
0
0
0
44
49
0
4
26
11
21
0
62
24
0
53
0
36
38
55
45
66
32
60
24
70
93
62
31
0
35
3
0
26
3
0
30
0
0
2
22
0
0
12
0
0
17
25
3
5
1
39
0
0
45
24
6
0
63
46
5
31
4
34
50
25
79
73
45
85
49
22
44
30
42
47
43
46
14
31
0
11
14
0
0
44
0
2
0
0
0
19
2
0
16
0
0
0
66
6
0
0
30
15
0
17
66
16
6
56
0
52
29
36
50
49
72
55
37
58
43
24
0
23
0
9
0
0
4
0
15
0
0
12
10
0
2
12
0
38
0
0
0
0
22
66
65
0
0
0
0
29
43
0
40
9
48
25
27
66
49
49
76
66
56
48
33
29
16
24
0
17
0
32
5
0
0
0
0
3
2
0
17
15
52
66
38
0
0
0
9
46
0
0
0
30
24
46
5
0
49
10
64
30
70
67
48
68
58
52
42
29
48
51
36
16
8
8
0
7
0
19
13
6
15
0
0
0
