Desktop Folder:soc9/9:D02M090C04   9 Sep 2000
336
30
0000
 -501
 -501
 -501
 -501
 -501
 -501
 -501
 -501
 -501
 -501
 -501
 -501
 -501
 -501
 -501
 -501
 -501
 -501
 -501
 -501
 -501
 -501
 -501
 -501
 -501
 -501
 -501
 -501
 -501
 -501
 -501
 -501
 -501
 -501
 -501
 -241
0
0
3
2
2
3
0
0
0
0
0
0
0
0
0
0
0
0
2
0
30
14
0
25
26
80
6
0
5
0
0
0
0
0
0
0
0
43
66
24
18
10
0
5
15
66
38
124
48
48
6
18
38
10
4
33
7
2
0
0
0
0
0
0
0
0
0
1
65
21
51
0
3
0
0
0
41
102
104
71
0
4
36
0
55
95
54
47
0
12
42
105
107
72
39
52
50
39
29
27
31
81
0
0
0
11
22
33
2
1
7
14
16
28
40
0
34
18
30
0
0
0
0
0
0
23
40
0
72
6
0
15
21
20
42
45
76
0
24
62
55
31
55
15
43
96
0
118
17
0
0
0
0
0
1
11
0
0
0
0
34
1
12
32
39
0
0
0
0
0
8
15
0
11
0
0
8
18
6
11
6
20
2
0
0
0
4
20
13
40
29
35
18
20
12
12
16
19
17
6
14
15
0
0
0
0
4
12
0
0
0
0
0
10
16
8
6
11
15
6
0
0
0
22
14
7
0
0
11
1
13
22
11
0
0
33
37
17
0
0
0
0
0
0
0
0
8
15
0
0
5
0
0
0
6
0
9
9
1
18
3
30
46
17
0
0
0
0
0
0
0
0
7
9
0
25
11
13
29
24
7
0
0
0
36
26
31
7
7
8
13
0
0
0
0
15
0
0
0
0
