Desktop Folder:soc9/9:D02M091C31   9 Sep 2000
336
30
0000
 -501
 -501
 -501
 -501
 -501
 -501
 -501
 -501
 -501
 -501
 -501
 -501
 -501
 -501
 -501
 -501
 -501
 -501
 -501
 -501
 -501
 -501
 -501
 -501
 -501
 -501
 -501
 -501
 -501
 -501
 -501
 -501
 -501
 -501
 -501
 -241
39
18
0
0
17
7
0
0
0
0
0
0
0
2
0
82
56
0
0
0
0
0
0
0
0
0
0
0
0
0
0
11
3
0
7
0
102
21
2
0
54
37
69
3
0
0
0
0
0
0
0
0
8
0
0
0
0
0
0
72
26
0
0
112
0
41
0
17
26
6
8
5
0
10
0
7
52
56
8
24
46
73
26
31
35
9
3
0
112
55
32
30
16
18
0
2
0
0
1
8
24
0
24
30
14
71
40
12
0
63
24
0
61
29
14
0
18
30
46
35
0
0
1
21
60
74
53
35
101
35
49
99
126
56
62
159
37
51
6
0
8
51
105
9
64
34
61
24
65
57
22
0
0
0
1
23
2
0
24
106
79
38
51
60
66
75
58
64
10
39
94
10
13
0
0
0
1
10
60
78
61
52
85
69
42
46
48
4
0
0
0
1
0
0
0
0
0
0
0
0
0
95
0
20
51
88
78
69
61
50
43
35
52
12
5
23
9
88
31
9
2
53
5
42
70
59
14
5
40
23
9
0
6
5
4
0
0
3
0
0
13
4
0
0
0
5
30
16
44
69
54
72
68
57
22
38
72
57
65
24
20
0
50
17
73
27
35
65
8
45
11
13
50
9
31
68
42
25
22
11
35
13
7
8
7
23
10
9
1
9
5
9
0
1
19
1
3
4
2
3
