Desktop Folder:soc9/9:D02M090C29   9 Sep 2000
336
30
0000
 -501
 -501
 -501
 -501
 -501
 -501
 -501
 -501
 -501
 -501
 -501
 -501
 -501
 -501
 -501
 -501
 -501
 -501
 -501
 -501
 -501
 -501
 -501
 -501
 -501
 -501
 -501
 -501
 -501
 -501
 -501
 -501
 -501
 -501
 -501
 -241
30
27
15
40
32
41
24
42
46
9
0
13
0
4
0
9
0
0
15
20
62
52
4
0
0
0
0
0
19
0
9
30
0
0
0
27
0
15
97
34
0
25
44
24
0
4
3
11
37
12
44
12
33
26
25
5
51
8
55
0
22
14
0
0
0
0
11
1
10
5
0
10
0
0
14
8
4
12
15
3
10
10
6
9
0
11
76
31
8
0
0
0
4
17
17
11
0
26
41
63
18
4
23
57
0
0
0
24
1
15
16
0
3
0
0
0
1
0
0
0
0
3
3
1
0
29
28
0
0
16
19
3
28
3
26
17
8
4
24
16
41
5
53
4
0
22
37
35
3
4
21
7
0
41
0
14
0
4
1
0
3
0
0
0
16
11
0
0
8
0
6
0
7
7
0
0
5
0
0
7
5
0
0
2
10
0
0
14
20
0
0
0
0
0
19
15
0
0
11
0
0
0
0
0
0
0
0
0
0
0
0
0
0
0
7
0
0
0
0
0
0
2
0
0
0
4
15
3
3
4
6
0
0
33
0
63
15
12
2
14
13
5
7
26
22
6
15
4
16
11
33
5
17
0
4
3
0
0
0
0
4
10
2
7
4
0
5
3
0
9
0
0
8
9
0
4
0
0
23
11
12
23
6
0
9
2
3
24
20
29
10
0
0
7
17
15
22
27
13
7
