Desktop Folder:soc9/9:D02M091C27   9 Sep 2000
336
30
0000
 -501
 -501
 -501
 -501
 -501
 -501
 -501
 -501
 -501
 -501
 -501
 -501
 -501
 -501
 -501
 -501
 -501
 -501
 -501
 -501
 -501
 -501
 -501
 -501
 -501
 -501
 -501
 -501
 -501
 -501
 -501
 -501
 -501
 -501
 -501
 -241
0
0
0
0
0
2
0
7
0
0
0
0
0
0
0
18
54
1
18
0
0
23
81
17
10
0
10
0
2
34
11
48
49
3
0
5
0
6
0
37
5
56
42
30
51
45
39
70
13
2
1
0
0
0
0
0
0
0
5
0
0
0
0
0
0
0
0
18
0
0
0
0
1
1
0
0
53
11
0
0
0
50
53
7
36
22
25
14
62
32
20
25
29
67
49
60
26
2
0
0
0
6
5
0
0
0
0
0
0
0
0
0
24
0
0
0
0
0
38
12
0
7
0
0
0
16
0
0
0
0
68
3
27
89
42
24
31
51
59
89
25
24
52
45
6
0
0
0
0
0
0
9
0
0
5
0
25
0
0
0
0
0
0
0
7
0
25
2
0
2
6
9
27
5
67
25
0
87
30
47
17
9
48
39
31
20
15
37
31
24
54
6
0
0
0
0
0
0
0
0
0
27
44
18
22
17
0
0
0
0
29
0
33
12
29
19
7
1
0
14
32
4
2
6
12
11
0
0
2
17
7
0
0
31
31
45
26
34
30
9
43
5
0
70
0
7
17
5
0
0
0
0
0
15
13
0
0
28
45
14
0
16
0
0
0
5
18
27
80
16
0
13
23
4
0
0
0
30
64
27
26
31
55
46
34
13
33
1
0
0
0
20
92
40
0
0
0
0
10
0
