Desktop Folder:soc9/9:D02M091C28   9 Sep 2000
336
30
0000
 -501
 -501
 -501
 -501
 -501
 -501
 -501
 -501
 -501
 -501
 -501
 -501
 -501
 -501
 -501
 -501
 -501
 -501
 -501
 -501
 -501
 -501
 -501
 -501
 -501
 -501
 -501
 -501
 -501
 -501
 -501
 -501
 -501
 -501
 -501
 -241
12
0
0
0
0
0
8
2
67
2
63
27
2
0
0
0
0
0
0
0
0
1
9
35
0
38
36
27
10
24
17
9
7
0
2
0
41
12
17
15
20
28
16
33
15
18
30
17
20
21
57
8
9
0
0
0
0
0
0
0
0
0
0
0
7
0
0
8
5
6
5
10
31
0
3
0
15
1
3
10
39
0
16
29
16
0
2
16
12
10
9
9
3
11
18
45
23
23
17
9
0
0
0
0
0
0
0
0
0
0
0
0
1
22
2
0
0
0
1
14
22
3
9
5
2
17
2
6
18
17
14
2
2
0
1
32
15
22
10
13
16
15
24
34
46
33
26
26
46
1
0
0
0
2
0
0
0
0
0
0
0
0
0
0
0
28
11
0
20
1
21
0
17
3
0
15
2
12
1
0
0
11
13
0
6
11
6
11
10
11
12
18
19
18
24
26
12
34
2
0
0
0
0
0
0
0
0
0
0
0
0
2
0
0
0
8
20
0
0
1
0
0
0
0
16
17
0
18
18
8
2
22
4
21
0
13
7
9
2
14
21
19
18
19
8
5
0
0
0
0
0
0
0
0
0
0
25
0
2
0
0
0
0
4
21
6
2
11
6
7
4
0
0
0
0
0
0
8
24
16
5
13
18
8
0
14
14
5
15
10
2
8
4
2
0
0
0
0
0
0
