Desktop Folder:soc9/9:D02M090C10   9 Sep 2000
336
30
0000
 -501
 -501
 -501
 -501
 -501
 -501
 -501
 -501
 -501
 -501
 -501
 -501
 -501
 -501
 -501
 -501
 -501
 -501
 -501
 -501
 -501
 -501
 -501
 -501
 -501
 -501
 -501
 -501
 -501
 -501
 -501
 -501
 -501
 -501
 -501
 -241
24
46
47
45
50
66
28
30
33
27
22
27
26
33
0
0
0
0
23
35
33
7
17
28
15
22
0
0
0
16
23
20
0
21
29
25
13
1
16
26
0
26
30
6
9
29
23
0
20
19
31
22
18
21
25
0
28
23
8
10
26
0
0
21
7
15
0
0
7
3
0
0
0
0
3
5
37
22
0
0
12
37
43
17
17
15
30
0
34
15
24
26
14
14
12
0
37
15
19
4
4
29
21
10
0
18
22
15
2
9
0
6
14
1
17
0
0
0
0
0
0
0
0
0
0
0
4
0
0
0
0
34
21
12
0
2
11
17
12
0
0
0
17
35
14
17
14
10
0
16
0
43
22
4
8
8
10
0
0
6
7
16
0
0
0
0
0
6
8
13
7
0
0
0
0
0
0
0
4
20
7
20
10
15
9
2
28
9
10
11
6
29
37
5
10
3
28
16
21
15
12
0
12
10
2
2
0
21
11
0
0
1
0
4
0
0
2
0
6
1
3
0
5
0
5
6
0
18
0
24
18
6
0
8
9
1
7
6
0
11
34
28
7
17
2
11
20
6
6
8
9
18
16
19
21
4
10
24
0
8
10
28
1
11
7
0
5
0
0
11
12
18
31
16
4
0
8
14
7
13
12
8
32
7
14
0
3
5
8
29
8
9
5
15
22
0
0
0
16
13
