Desktop Folder:soc9/9:D02M089C20   9 Sep 2000
336
30
0000
 -501
 -501
 -501
 -501
 -501
 -501
 -501
 -501
 -501
 -501
 -501
 -501
 -501
 -501
 -501
 -501
 -501
 -501
 -501
 -501
 -501
 -501
 -501
 -501
 -501
 -501
 -501
 -501
 -501
 -501
 -501
 -501
 -501
 -501
 -501
 -241
0
0
0
0
0
11
17
0
0
0
40
0
0
0
0
35
0
0
0
0
0
0
66
56
0
0
0
0
0
0
0
33
0
0
13
0
5
7
0
10
5
15
2
45
4
7
0
0
0
0
0
0
0
0
0
0
0
0
0
0
0
53
21
2
37
0
8
0
9
2
2
0
0
0
0
0
77
0
0
34
1
34
11
41
97
40
39
20
37
16
131
12
33
15
0
0
0
0
0
0
0
0
0
0
14
16
12
2
22
0
47
10
1
0
7
0
44
21
0
2
0
4
0
0
20
11
0
12
0
6
13
2
6
6
0
13
9
13
18
33
7
0
0
0
0
0
0
0
0
0
0
0
0
11
0
0
0
32
3
2
7
20
0
0
13
0
0
0
0
0
9
8
2
0
0
11
11
6
13
7
6
11
0
6
1
0
0
0
0
0
3
0
0
0
0
0
0
0
0
0
0
0
0
0
0
12
7
10
7
0
41
0
6
0
0
0
2
12
0
0
0
4
7
1
3
12
3
19
10
0
13
14
0
0
0
0
0
0
0
0
0
0
0
0
0
0
0
0
8
0
0
0
0
13
6
26
23
17
0
0
4
0
1
15
0
4
0
0
13
5
4
3
0
6
13
2
2
12
4
9
9
2
13
0
0
0
0
0
0
0
0
0
0
0
0
0
0
1
15
0
