Desktop Folder:soc9/9:D02M091C24   9 Sep 2000
336
30
0000
 -501
 -501
 -501
 -501
 -501
 -501
 -501
 -501
 -501
 -501
 -501
 -501
 -501
 -501
 -501
 -501
 -501
 -501
 -501
 -501
 -501
 -501
 -501
 -501
 -501
 -501
 -501
 -501
 -501
 -501
 -501
 -501
 -501
 -501
 -501
 -241
0
0
0
0
6
1
29
5
0
2
8
5
0
2
16
20
26
4
2
105
48
0
0
50
8
5
0
0
0
0
0
0
0
0
0
22
77
46
0
0
44
31
174
57
42
54
101
63
61
12
4
0
0
32
10
0
0
0
0
3
5
0
0
0
0
3
0
0
0
0
26
4
10
0
14
3
88
48
9
0
8
37
25
23
0
40
7
31
23
26
33
31
45
41
38
14
53
32
0
0
0
0
0
0
0
11
15
0
1
0
0
0
4
10
5
2
0
25
16
4
21
57
1
0
41
16
2
68
53
19
38
20
53
8
29
27
44
15
52
50
62
51
57
6
0
0
0
0
43
0
0
0
0
0
25
22
5
3
0
21
12
8
0
0
0
0
19
14
19
41
17
2
10
9
33
40
0
95
74
14
7
37
0
0
0
0
0
2
34
45
23
13
8
0
0
0
0
0
0
0
0
6
0
0
0
0
0
1
4
0
0
0
0
29
10
13
10
18
0
29
13
0
1
43
39
12
17
32
0
0
0
17
8
27
22
35
23
44
8
11
0
0
0
0
17
20
32
0
0
0
0
0
0
0
10
23
0
0
0
11
29
0
11
0
0
3
10
14
1
9
0
0
28
0
0
0
0
0
15
26
16
51
28
27
14
38
0
0
0
0
0
0
0
0
0
6
2
0
0
0
