Desktop Folder:soc9/9:D02M090C11   9 Sep 2000
336
30
0000
 -501
 -501
 -501
 -501
 -501
 -501
 -501
 -501
 -501
 -501
 -501
 -501
 -501
 -501
 -501
 -501
 -501
 -501
 -501
 -501
 -501
 -501
 -501
 -501
 -501
 -501
 -501
 -501
 -501
 -501
 -501
 -501
 -501
 -501
 -501
 -241
0
0
6
2
9
77
80
49
96
0
0
0
0
0
0
12
0
43
0
0
0
42
52
0
0
0
0
69
74
0
0
59
0
0
0
9
25
0
0
12
54
0
0
43
37
0
0
35
79
13
46
27
32
17
31
0
8
0
0
0
0
44
0
0
0
0
0
2
23
0
0
0
0
0
0
0
6
66
25
0
0
0
0
31
0
0
0
0
0
40
3
3
0
23
15
41
25
11
14
0
17
7
19
3
11
0
0
2
0
0
0
0
0
0
0
15
0
0
8
0
0
0
5
0
0
0
4
8
10
0
0
0
2
25
31
13
26
30
0
0
0
78
0
0
33
0
0
10
3
0
0
27
0
0
0
0
0
0
0
5
0
0
0
0
2
0
0
12
0
0
0
0
0
0
15
0
0
8
0
48
12
0
8
2
0
35
0
26
14
51
53
38
39
35
0
23
2
0
16
0
0
0
13
0
0
0
0
0
0
13
10
18
52
0
0
0
0
0
0
0
0
7
0
0
19
0
2
16
5
16
25
15
0
24
0
46
17
65
37
27
24
30
4
11
26
38
21
7
5
0
0
5
0
0
3
0
5
0
0
0
0
0
0
0
0
6
5
12
0
0
0
11
6
50
13
15
0
0
0
0
55
3
26
6
0
15
27
56
27
20
57
17
17
0
0
0
0
0
0
10
