Desktop Folder:soc9/9:D02M089C08   9 Sep 2000
336
30
0000
 -501
 -501
 -501
 -501
 -501
 -501
 -501
 -501
 -501
 -501
 -501
 -501
 -501
 -501
 -501
 -501
 -501
 -501
 -501
 -501
 -501
 -501
 -501
 -501
 -501
 -501
 -501
 -501
 -501
 -501
 -501
 -501
 -501
 -501
 -501
 -241
0
13
114
0
9
0
67
14
49
44
0
0
0
101
66
0
0
0
0
0
0
72
63
27
13
35
52
37
3
0
7
120
8
63
135
25
58
0
0
0
48
120
82
91
76
109
91
56
95
88
72
7
88
87
0
60
0
0
0
0
0
0
90
34
0
0
0
0
0
0
0
62
29
21
49
14
0
90
0
0
0
0
20
96
0
0
88
34
83
8
103
20
11
127
53
47
87
0
56
76
34
65
70
0
0
40
40
0
0
0
50
27
0
0
40
0
0
0
0
54
0
0
0
0
0
59
43
0
0
0
71
0
50
113
0
52
22
0
39
75
72
0
69
33
64
0
16
23
78
56
0
0
0
0
0
42
0
74
10
0
22
5
4
0
61
0
0
0
0
0
52
0
0
0
75
32
0
0
0
0
0
19
100
25
41
34
48
39
35
57
51
77
69
64
36
121
145
43
58
0
0
0
0
104
2
0
8
1
1
0
0
64
0
59
0
0
45
75
0
9
0
0
0
0
54
0
0
0
14
138
37
0
78
58
68
121
33
73
78
73
105
43
37
61
51
4
48
0
61
0
0
0
23
79
0
0
0
0
0
51
5
0
0
0
51
14
26
0
0
0
0
30
37
16
0
0
74
0
56
67
0
45
23
71
54
52
66
7
57
128
72
0
4
99
1
0
0
0
55
38
