Desktop Folder:soc9/9:D02M088C18   9 Sep 2000
336
30
0000
 -501
 -501
 -501
 -501
 -501
 -501
 -501
 -501
 -501
 -501
 -501
 -501
 -501
 -501
 -501
 -501
 -501
 -501
 -501
 -501
 -501
 -501
 -501
 -501
 -501
 -501
 -501
 -501
 -501
 -501
 -501
 -501
 -501
 -501
 -501
 -241
99
15
1
1
0
0
0
10
18
0
0
106
59
2
1
1
0
12
0
0
44
54
0
0
0
33
26
2
0
0
0
19
8
0
41
43
3
14
15
20
4
52
12
95
39
65
53
4
0
0
3
13
0
8
29
1
0
0
0
0
0
0
22
0
0
0
0
0
5
81
94
24
12
0
0
8
2
5
0
42
10
7
74
34
2
9
20
14
23
0
0
0
0
0
0
1
65
13
11
0
10
9
10
50
8
1
3
2
3
0
71
75
0
0
2
62
17
13
0
0
0
0
0
0
0
0
0
0
31
6
44
20
45
72
7
15
25
48
40
0
0
0
0
0
0
0
0
0
14
0
0
3
0
0
0
0
0
0
0
16
17
24
0
6
40
28
5
21
35
0
0
0
0
0
0
0
33
20
12
0
63
18
0
59
48
14
0
0
0
0
0
0
0
0
0
0
0
9
37
29
4
0
0
0
0
19
4
0
0
34
6
27
0
0
0
0
0
0
0
0
3
0
0
0
59
7
0
23
0
70
51
0
0
0
0
0
0
0
0
0
0
0
0
0
0
0
12
0
0
0
0
0
26
26
0
0
0
0
77
9
0
0
0
0
0
10
0
0
0
2
11
0
35
51
13
30
32
23
0
0
0
0
0
0
0
0
0
0
0
0
0
0
0
0
34
0
0
0
13
0
