Desktop Folder:soc9/9:D02M088C27   9 Sep 2000
336
30
0000
 -501
 -501
 -501
 -501
 -501
 -501
 -501
 -501
 -501
 -501
 -501
 -501
 -501
 -501
 -501
 -501
 -501
 -501
 -501
 -501
 -501
 -501
 -501
 -501
 -501
 -501
 -501
 -501
 -501
 -501
 -501
 -501
 -501
 -501
 -501
 -241
0
0
0
0
0
5
45
0
9
60
29
0
0
0
51
9
0
0
21
3
2
5
6
31
10
11
0
0
55
51
0
0
6
22
1
54
29
21
26
30
30
33
31
31
27
23
12
3
20
0
39
4
2
15
1
0
3
0
20
4
20
13
16
5
14
7
47
10
21
0
8
14
0
9
34
21
63
13
7
11
19
14
10
13
12
13
18
13
22
34
32
13
13
5
12
15
17
10
0
0
0
0
0
0
0
9
39
12
13
3
13
0
13
10
23
12
32
33
54
8
2
8
22
19
7
11
29
10
56
39
20
22
20
26
24
27
25
19
20
32
43
9
1
0
9
1
5
2
11
0
0
28
10
14
17
15
14
8
17
9
28
39
69
40
20
29
11
66
28
6
36
33
35
26
37
27
29
22
23
19
40
91
74
51
69
13
33
8
6
6
19
22
0
0
0
5
38
48
7
1
28
27
0
17
8
2
9
34
30
47
22
10
34
15
57
44
38
18
25
39
5
33
46
47
16
60
33
24
0
45
20
27
0
0
7
63
3
4
0
30
58
0
0
0
33
21
13
47
38
8
41
24
41
44
8
33
14
29
29
0
40
16
19
19
22
42
34
24
26
58
21
0
31
26
34
31
33
15
44
2
0
0
22
5
27
51
19
0
0
18
79
27
35
48
45
29
0
42
41
10
