Desktop Folder:soc9/9:D02M091C23   9 Sep 2000
336
30
0000
 -501
 -501
 -501
 -501
 -501
 -501
 -501
 -501
 -501
 -501
 -501
 -501
 -501
 -501
 -501
 -501
 -501
 -501
 -501
 -501
 -501
 -501
 -501
 -501
 -501
 -501
 -501
 -501
 -501
 -501
 -501
 -501
 -501
 -501
 -501
 -241
0
1
0
13
0
2
3
0
1
0
0
0
0
1
2
2
0
29
0
0
0
31
29
12
19
10
5
0
92
66
4
2
29
0
4
8
6
30
2
0
10
23
12
62
7
0
3
21
30
0
0
6
19
0
0
0
2
33
0
0
0
21
14
0
0
0
0
0
0
0
0
0
0
4
0
22
0
39
25
23
20
3
3
43
36
2
46
64
4
33
0
7
16
0
20
6
25
0
0
0
11
0
27
0
7
0
23
0
0
13
0
0
0
0
0
0
0
0
0
0
0
4
0
15
0
4
10
0
12
0
0
0
0
32
0
0
18
8
17
17
14
0
17
0
13
4
0
0
16
0
0
2
0
0
9
0
0
0
0
15
23
0
0
14
0
0
6
0
5
53
0
20
0
0
0
0
26
14
0
12
54
11
0
21
0
14
13
1
80
0
0
8
8
0
0
22
2
0
0
33
4
3
30
0
0
0
0
0
0
0
4
37
0
15
14
17
10
6
0
0
0
0
5
10
0
0
38
11
11
0
0
15
10
33
13
1
28
0
9
7
0
0
0
0
0
14
18
0
0
0
16
0
0
6
0
0
0
3
5
0
0
0
6
0
1
0
0
0
0
1
35
18
2
17
30
0
8
4
17
0
0
6
11
23
2
0
0
8
12
0
0
8
0
24
17
10
4
2
53
18
