Desktop Folder:soc9/9:D02M091C05   9 Sep 2000
336
30
0000
 -501
 -501
 -501
 -501
 -501
 -501
 -501
 -501
 -501
 -501
 -501
 -501
 -501
 -501
 -501
 -501
 -501
 -501
 -501
 -501
 -501
 -501
 -501
 -501
 -501
 -501
 -501
 -501
 -501
 -501
 -501
 -501
 -501
 -501
 -501
 -241
0
12
0
19
0
15
2
5
0
0
7
0
0
0
1
18
11
0
1
2
4
7
6
0
7
0
0
2
0
0
0
18
0
9
0
0
0
25
25
18
12
4
18
19
2
0
19
22
0
1
9
3
0
0
0
0
13
0
0
0
4
1
4
0
0
0
4
2
1
2
0
21
3
23
2
0
3
28
2
0
0
4
7
0
0
0
12
0
3
32
26
11
0
31
14
0
16
4
0
27
7
29
3
40
0
24
1
16
0
0
0
25
2
5
18
6
5
6
1
14
0
0
0
0
0
10
0
0
6
0
0
0
18
17
0
3
22
0
6
26
9
4
0
0
0
0
0
0
0
0
6
0
0
0
8
0
1
1
0
0
0
0
0
0
0
0
0
16
0
0
0
0
2
0
0
2
27
7
4
0
2
6
10
14
0
7
22
32
21
26
0
0
7
0
0
0
0
3
13
4
0
0
0
11
0
0
0
0
0
12
0
0
31
21
10
8
39
7
1
0
0
9
101
4
0
0
37
21
0
3
36
5
0
29
5
5
0
4
35
2
19
0
0
0
0
0
5
0
0
15
0
0
0
0
0
0
26
7
0
0
7
30
0
0
14
0
0
0
0
0
0
29
5
0
0
0
10
0
9
74
12
3
39
18
25
0
0
1
0
1
30
47
64
12
7
12
31
0
0
0
