Desktop Folder:soc9/9:D02M092C20   9 Sep 2000
336
30
0000
 -501
 -501
 -501
 -501
 -501
 -501
 -501
 -501
 -501
 -501
 -501
 -501
 -501
 -501
 -501
 -501
 -501
 -501
 -501
 -501
 -501
 -501
 -501
 -501
 -501
 -501
 -501
 -501
 -501
 -501
 -501
 -501
 -501
 -501
 -501
 -241
51
35
35
4
21
11
33
7
39
31
37
0
0
16
17
0
44
14
22
18
21
0
0
14
63
10
33
40
0
0
28
0
0
41
110
13
57
45
55
10
75
65
15
0
46
46
33
31
0
12
38
73
47
61
28
63
39
24
34
10
0
18
0
0
0
0
42
26
41
2
1
1
32
0
5
2
6
0
0
0
15
0
0
28
13
16
0
17
23
18
9
0
42
29
4
25
9
26
5
28
16
46
29
20
33
24
10
0
42
13
3
0
8
10
5
0
0
46
2
13
0
3
4
4
5
0
13
4
0
3
28
22
11
31
15
9
0
4
25
8
22
14
17
16
18
25
19
43
26
27
17
16
16
29
0
20
23
7
11
7
2
0
2
0
0
11
2
0
0
9
8
0
0
7
0
15
24
10
6
12
7
26
6
0
17
0
4
14
14
4
5
2
17
4
8
19
7
21
14
11
12
14
15
0
0
15
7
4
9
9
2
2
2
0
3
7
0
2
0
13
6
0
15
10
10
12
32
10
10
16
11
27
22
24
14
15
13
15
16
18
21
14
22
33
30
47
11
19
4
8
4
0
2
6
0
2
0
16
3
3
0
2
5
0
4
2
0
0
0
21
4
28
2
9
4
7
16
10
12
14
11
16
27
11
17
19
17
21
12
21
19
20
13
33
18
12
10
8
17
12
