Desktop Folder:soc9/9:D02M092C18   9 Sep 2000
336
30
0000
 -501
 -501
 -501
 -501
 -501
 -501
 -501
 -501
 -501
 -501
 -501
 -501
 -501
 -501
 -501
 -501
 -501
 -501
 -501
 -501
 -501
 -501
 -501
 -501
 -501
 -501
 -501
 -501
 -501
 -501
 -501
 -501
 -501
 -501
 -501
 -241
13
16
78
96
57
121
68
63
67
39
0
29
28
39
8
0
0
55
0
0
0
0
0
32
13
0
0
22
6
0
0
0
0
0
11
6
25
16
14
19
1
52
0
93
28
65
40
71
91
63
114
95
60
93
147
94
119
43
0
0
0
0
0
0
0
0
0
8
0
0
45
0
0
0
0
0
4
63
5
25
0
0
27
0
40
3
58
8
12
45
1
51
136
75
84
106
49
75
83
73
77
93
101
75
37
0
0
4
0
12
0
4
10
0
0
0
0
6
0
0
0
0
0
0
0
17
8
3
53
15
2
0
2
18
6
0
26
72
49
40
36
11
24
41
42
43
38
49
54
52
99
63
58
99
5
6
8
23
13
6
0
4
0
0
0
0
0
0
0
48
0
2
0
0
0
26
78
93
71
0
0
0
14
92
116
102
104
113
97
117
108
134
164
156
163
160
159
162
144
134
147
133
113
90
53
58
7
0
0
0
0
0
0
0
0
0
0
0
0
0
0
0
0
0
0
0
0
0
0
0
0
0
0
0
0
0
0
0
0
0
0
0
0
0
0
0
0
0
0
0
0
0
0
0
0
0
0
0
0
0
0
0
0
0
0
0
0
0
0
0
0
0
0
0
0
0
0
0
0
0
0
0
0
0
0
0
0
0
0
0
0
0
0
0
0
0
0
0
0
0
