Desktop Folder:soc9/9:D02M088C23   9 Sep 2000
336
30
0000
 -501
 -501
 -501
 -501
 -501
 -501
 -501
 -501
 -501
 -501
 -501
 -501
 -501
 -501
 -501
 -501
 -501
 -501
 -501
 -501
 -501
 -501
 -501
 -501
 -501
 -501
 -501
 -501
 -501
 -501
 -501
 -501
 -501
 -501
 -501
 -241
0
0
0
0
0
0
0
70
0
0
0
0
0
0
31
0
0
0
6
0
42
15
0
0
0
44
20
0
0
23
0
17
78
61
4
13
0
0
20
108
24
28
38
24
68
32
25
26
19
4
0
0
0
12
0
0
0
6
0
0
133
5
6
0
0
0
23
0
0
0
15
27
0
0
0
7
30
0
0
22
15
9
39
13
9
15
14
29
14
16
0
36
10
33
38
49
17
2
0
0
0
0
0
39
23
10
100
32
4
17
5
5
0
0
3
33
0
45
0
0
19
65
4
0
9
16
47
17
37
4
31
0
25
49
33
4
17
15
19
44
117
63
36
10
5
0
0
0
0
40
14
51
11
0
29
0
0
27
0
0
22
11
0
0
16
46
19
64
45
9
26
1
23
0
0
3
0
1
17
3
6
3
18
12
16
43
6
10
23
24
26
19
0
0
0
0
0
17
8
0
0
22
49
39
0
7
11
2
1
0
12
0
0
0
9
73
35
0
0
0
42
0
9
38
0
0
6
42
17
6
22
32
11
5
5
18
29
22
10
1
0
10
0
0
4
16
0
0
0
24
3
11
0
0
0
0
0
22
39
19
0
0
48
83
36
10
57
4
0
0
0
0
0
0
0
0
3
0
20
60
65
61
25
21
37
28
20
49
59
25
62
71
13
0
0
13
0
50
42
37
