Desktop Folder:soc9/9:D02M092C12   9 Sep 2000
336
30
0000
 -501
 -501
 -501
 -501
 -501
 -501
 -501
 -501
 -501
 -501
 -501
 -501
 -501
 -501
 -501
 -501
 -501
 -501
 -501
 -501
 -501
 -501
 -501
 -501
 -501
 -501
 -501
 -501
 -501
 -501
 -501
 -501
 -501
 -501
 -501
 -241
9
23
9
34
0
35
0
0
1
2
1
0
0
17
18
0
0
0
0
0
21
8
18
69
0
0
0
0
66
50
0
0
0
0
0
1
24
43
0
0
0
9
28
5
37
25
15
25
28
13
32
43
21
1
20
43
18
0
0
0
0
0
2
5
0
0
0
0
0
42
19
3
0
0
0
0
0
56
0
0
0
46
0
0
36
0
0
0
27
0
30
0
20
78
12
17
19
21
21
14
17
3
8
0
0
0
0
0
0
0
0
0
2
4
0
0
0
0
1
0
0
0
58
0
0
0
0
0
0
0
0
95
0
0
25
17
9
28
7
26
38
0
23
31
24
13
24
15
20
24
10
0
12
0
0
0
0
0
0
2
0
0
0
0
0
0
0
0
8
0
0
19
16
24
29
0
0
0
0
0
24
26
0
0
5
22
0
6
10
12
6
18
15
33
15
6
14
27
17
0
0
0
0
0
0
0
0
0
0
0
0
0
0
1
0
0
8
0
0
4
22
20
25
0
0
0
0
0
0
0
0
8
19
20
22
37
0
21
1
12
5
23
7
4
14
7
17
5
4
0
0
0
0
0
0
0
0
0
0
0
0
0
5
7
15
12
0
0
5
18
0
47
3
0
0
0
0
6
0
10
26
0
39
32
0
15
24
0
21
18
9
10
9
2
8
0
0
8
0
0
