Desktop Folder:soc9/9:D02M089C12   9 Sep 2000
336
30
0000
 -501
 -501
 -501
 -501
 -501
 -501
 -501
 -501
 -501
 -501
 -501
 -501
 -501
 -501
 -501
 -501
 -501
 -501
 -501
 -501
 -501
 -501
 -501
 -501
 -501
 -501
 -501
 -501
 -501
 -501
 -501
 -501
 -501
 -501
 -501
 -241
2
14
20
2
36
0
0
7
13
11
5
34
1
3
8
0
0
80
14
64
83
0
7
5
0
0
0
13
0
0
13
0
15
13
12
41
10
6
77
22
8
0
34
29
13
10
4
3
0
0
0
0
3
0
0
0
21
14
83
31
9
0
2
18
11
0
0
23
5
0
1
0
2
1
6
0
15
5
0
8
22
1
0
4
29
7
5
0
11
10
17
52
20
45
9
1
0
5
0
15
42
6
0
0
16
4
3
0
0
0
46
17
2
41
28
8
17
1
0
0
0
11
0
0
8
42
9
8
26
10
58
35
2
0
0
0
28
53
18
16
0
0
0
0
0
0
0
0
0
0
0
3
0
0
0
0
0
0
15
48
28
21
2
15
4
5
16
0
46
0
0
20
0
12
0
81
11
12
6
0
0
14
33
55
28
0
7
0
0
2
36
0
0
0
0
0
0
0
0
0
0
0
0
0
0
18
0
0
0
0
18
8
0
10
4
24
0
7
0
3
12
0
45
17
13
0
0
0
15
30
58
40
26
24
23
0
9
0
0
6
0
0
0
0
0
7
0
0
0
1
1
20
0
28
2
14
1
0
2
0
28
37
44
16
13
22
18
18
0
9
6
37
27
24
0
0
0
29
24
23
7
0
7
45
15
23
7
0
0
0
17
17
3
17
3
4
5
47
7
32
