Desktop Folder:soc9/9:D02M092C09   9 Sep 2000
336
30
0000
 -501
 -501
 -501
 -501
 -501
 -501
 -501
 -501
 -501
 -501
 -501
 -501
 -501
 -501
 -501
 -501
 -501
 -501
 -501
 -501
 -501
 -501
 -501
 -501
 -501
 -501
 -501
 -501
 -501
 -501
 -501
 -501
 -501
 -501
 -501
 -241
40
25
0
0
0
71
17
0
0
0
0
54
23
0
0
0
0
0
76
0
0
0
0
0
0
0
0
0
49
38
34
0
46
7
0
81
100
4
0
0
75
0
54
51
79
70
55
46
71
77
74
128
85
1
0
8
46
0
46
0
0
0
0
0
39
34
0
24
25
45
28
0
0
0
52
0
52
3
81
0
0
0
0
101
47
0
11
15
3
0
28
28
44
79
63
73
77
52
43
0
0
15
39
0
51
36
23
0
24
0
0
0
15
0
10
0
2
0
0
6
7
0
10
0
35
73
64
0
0
66
12
0
68
29
21
84
18
42
35
75
53
60
42
84
33
50
35
206
59
18
0
0
16
0
0
30
7
0
0
24
4
0
0
2
7
4
0
0
1
1
23
2
0
25
16
20
29
9
0
29
30
4
0
0
44
43
66
82
93
99
82
47
12
30
61
90
73
84
24
0
0
34
8
0
2
0
0
0
0
12
21
1
1
0
22
2
3
0
16
27
0
46
8
0
0
0
8
37
63
0
61
0
17
19
99
64
79
59
30
55
67
47
54
48
20
13
12
0
0
0
0
16
0
16
16
4
8
0
0
36
0
7
8
1
0
1
0
8
13
20
42
11
66
32
5
11
22
15
2
34
53
119
74
62
55
54
107
55
123
122
64
63
0
18
0
0
36
19
10
50
