Desktop Folder:soc9/9:D02M092C22   9 Sep 2000
336
30
0000
 -501
 -501
 -501
 -501
 -501
 -501
 -501
 -501
 -501
 -501
 -501
 -501
 -501
 -501
 -501
 -501
 -501
 -501
 -501
 -501
 -501
 -501
 -501
 -501
 -501
 -501
 -501
 -501
 -501
 -501
 -501
 -501
 -501
 -501
 -501
 -241
156
160
155
154
140
142
165
136
130
133
146
148
162
139
50
31
79
58
28
47
124
19
1
2
2
44
43
4
1
102
116
3
0
0
49
0
20
53
53
0
1
123
87
0
65
105
108
1
123
137
110
110
80
91
84
132
72
0
30
133
48
0
0
38
4
0
0
3
36
22
12
1
0
0
84
77
70
15
0
35
88
17
27
96
0
17
20
0
91
108
0
84
7
91
99
32
101
105
113
51
104
97
82
103
47
0
50
0
0
0
0
43
40
22
4
1
22
0
8
0
0
15
2
11
104
35
0
0
9
37
36
0
61
0
0
13
19
28
89
88
42
41
90
65
25
79
91
58
146
93
99
104
71
0
0
0
0
0
2
0
0
0
25
0
0
0
0
0
45
41
0
0
0
0
75
3
12
44
0
45
34
0
0
39
0
56
43
8
41
25
40
56
26
99
95
92
36
51
63
0
38
0
0
28
10
0
13
0
0
0
0
0
0
24
5
28
24
3
30
0
0
0
44
35
18
46
0
10
61
0
0
20
73
81
0
77
38
93
112
98
99
83
88
80
48
72
66
73
50
42
0
0
0
2
25
0
14
0
3
0
0
9
0
15
14
89
86
18
0
0
0
0
14
51
1
29
45
3
3
65
86
19
77
47
58
44
89
74
90
75
66
70
49
49
55
45
23
12
0
5
