Desktop Folder:soc9/9:D02M092C23   9 Sep 2000
336
30
0000
 -501
 -501
 -501
 -501
 -501
 -501
 -501
 -501
 -501
 -501
 -501
 -501
 -501
 -501
 -501
 -501
 -501
 -501
 -501
 -501
 -501
 -501
 -501
 -501
 -501
 -501
 -501
 -501
 -501
 -501
 -501
 -501
 -501
 -501
 -501
 -241
58
86
68
57
66
56
64
76
69
66
86
60
64
70
77
72
24
23
18
34
5
22
37
29
68
27
39
24
98
61
62
38
18
83
71
66
0
0
0
69
15
65
92
0
24
67
43
59
37
65
33
75
33
51
48
62
57
57
17
8
5
35
10
0
0
0
29
10
1
0
14
0
0
16
0
15
44
54
0
0
35
43
7
49
25
13
24
36
20
0
99
43
0
21
40
18
30
7
35
33
46
44
25
7
4
0
5
0
0
0
0
17
3
4
0
2
0
0
0
0
0
0
15
59
9
1
3
46
31
24
6
15
8
9
14
0
4
0
21
24
45
36
14
29
69
17
44
53
31
36
47
30
22
0
0
0
0
0
0
0
1
0
0
0
3
0
0
0
0
0
0
0
0
0
0
10
26
8
13
18
54
5
5
15
19
0
0
58
18
33
21
59
21
48
51
47
26
50
18
1
9
0
0
0
0
33
0
0
15
0
0
0
0
0
0
2
0
22
52
23
29
19
52
31
13
39
0
0
7
30
43
46
18
41
3
0
36
19
31
39
53
29
63
48
41
49
23
8
19
4
10
0
0
0
7
0
0
0
0
4
0
0
0
7
0
0
14
38
39
26
22
4
13
20
34
11
14
23
2
43
17
20
49
18
6
57
43
18
27
31
58
27
32
37
12
18
0
0
0
0
