Desktop Folder:soc9/9:D02M088C12   9 Sep 2000
336
30
0000
 -501
 -501
 -501
 -501
 -501
 -501
 -501
 -501
 -501
 -501
 -501
 -501
 -501
 -501
 -501
 -501
 -501
 -501
 -501
 -501
 -501
 -501
 -501
 -501
 -501
 -501
 -501
 -501
 -501
 -501
 -501
 -501
 -501
 -501
 -501
 -241
22
197
54
121
100
0
0
22
55
131
23
4
5
6
36
119
115
3
0
0
0
0
9
59
48
48
0
0
0
0
0
58
79
9
22
72
0
0
59
114
0
0
0
0
0
70
49
75
14
39
19
11
99
111
111
73
0
0
0
0
44
0
20
0
0
94
22
0
0
0
0
0
46
17
0
101
73
0
0
0
0
0
28
26
46
0
0
0
12
94
0
0
103
91
74
59
80
36
0
41
28
115
159
66
58
1
1
43
0
0
0
0
0
0
0
29
3
0
0
0
43
6
0
0
0
0
0
27
74
0
0
0
0
0
0
0
33
101
3
94
119
20
59
99
108
89
175
53
46
5
1
61
118
31
0
0
0
0
0
0
0
0
9
5
0
0
0
0
0
0
0
24
41
0
0
0
0
10
2
11
93
0
0
0
6
6
0
55
84
102
75
93
94
80
103
96
112
0
0
16
46
0
0
0
0
0
6
0
0
8
0
0
0
0
0
18
11
0
0
0
28
73
7
0
11
0
17
11
0
0
4
57
36
75
0
62
62
23
74
0
0
65
116
96
54
0
0
48
87
0
0
0
31
0
0
0
0
0
33
0
0
0
46
1
0
0
13
46
71
32
49
0
0
33
23
0
0
35
51
23
31
0
0
18
52
61
85
65
60
59
0
42
24
50
49
5
4
7
35
0
