Desktop Folder:soc9/9:D02M092C13   9 Sep 2000
336
30
0000
 -501
 -501
 -501
 -501
 -501
 -501
 -501
 -501
 -501
 -501
 -501
 -501
 -501
 -501
 -501
 -501
 -501
 -501
 -501
 -501
 -501
 -501
 -501
 -501
 -501
 -501
 -501
 -501
 -501
 -501
 -501
 -501
 -501
 -501
 -501
 -241
52
0
29
14
0
0
68
47
0
0
0
0
0
0
0
0
0
0
85
56
0
0
0
0
0
9
47
0
0
0
0
0
44
2
0
0
35
37
0
0
0
38
1
0
0
65
8
0
67
27
0
60
29
20
51
40
27
0
0
0
0
0
0
0
0
0
0
28
41
0
0
27
2
0
0
34
0
0
0
42
0
0
0
0
0
0
35
31
0
20
10
0
0
36
31
22
36
37
45
0
36
43
41
44
58
33
0
0
0
0
0
0
0
0
0
0
16
13
14
0
0
0
35
0
0
0
7
15
0
18
0
0
12
34
23
0
0
15
63
0
0
0
27
24
19
9
45
49
67
96
24
42
17
34
0
22
0
0
0
0
0
0
0
0
0
0
0
1
14
14
6
0
0
0
0
2
0
0
0
0
59
11
0
0
48
0
0
0
41
42
0
27
30
49
49
64
27
47
25
0
37
0
12
1
0
0
0
0
0
0
0
16
6
2
0
0
2
2
0
0
0
0
11
0
0
0
0
63
3
0
0
0
11
5
73
2
0
0
48
12
27
40
30
34
21
30
42
15
10
1
16
0
0
0
0
0
0
0
0
9
0
7
1
0
0
0
0
2
19
12
0
1
6
0
0
0
26
0
0
0
40
0
0
22
14
0
15
2
31
27
25
41
11
29
29
0
29
0
26
0
