Desktop Folder:soc9/9:D02M091C25   9 Sep 2000
336
30
0000
 -501
 -501
 -501
 -501
 -501
 -501
 -501
 -501
 -501
 -501
 -501
 -501
 -501
 -501
 -501
 -501
 -501
 -501
 -501
 -501
 -501
 -501
 -501
 -501
 -501
 -501
 -501
 -501
 -501
 -501
 -501
 -501
 -501
 -501
 -501
 -241
0
0
0
0
4
18
13
31
13
1
12
26
60
14
1
0
0
0
0
41
51
43
0
0
0
1
40
13
0
0
0
0
0
31
16
9
3
19
25
17
49
21
11
38
23
28
25
9
1
9
0
0
0
2
15
5
10
14
0
0
18
0
0
0
0
0
0
0
0
13
24
0
0
2
24
8
16
16
2
11
2
0
21
35
11
34
19
22
30
15
19
22
18
18
15
16
20
0
2
15
26
0
0
0
17
9
9
2
0
0
0
0
10
26
7
0
0
16
11
16
0
3
6
24
0
0
12
14
26
23
5
20
15
24
33
14
7
1
30
22
22
26
12
19
0
0
0
0
20
10
0
0
0
30
6
8
9
0
0
9
0
0
0
6
10
18
1
25
0
6
7
16
6
17
42
36
6
21
20
19
15
18
22
55
16
31
15
29
19
6
7
4
5
0
15
55
0
0
0
20
27
14
9
10
4
0
0
3
0
5
7
19
9
0
5
9
39
21
8
0
0
0
12
11
25
2
18
5
50
12
42
2
0
11
11
17
16
1
0
0
0
8
11
0
0
0
0
0
6
4
7
6
0
0
7
0
0
0
13
3
20
0
1
34
33
0
0
5
0
0
0
14
14
6
14
13
1
16
13
9
12
18
14
22
16
27
6
8
0
14
0
0
0
3
18
18
0
0
0
23
