Desktop Folder:soc9/9:D02M091C26   9 Sep 2000
336
30
0000
 -501
 -501
 -501
 -501
 -501
 -501
 -501
 -501
 -501
 -501
 -501
 -501
 -501
 -501
 -501
 -501
 -501
 -501
 -501
 -501
 -501
 -501
 -501
 -501
 -501
 -501
 -501
 -501
 -501
 -501
 -501
 -501
 -501
 -501
 -501
 -241
0
10
60
6
3
0
0
0
0
0
0
0
0
0
0
0
0
0
0
2
0
0
2
0
0
0
0
0
6
0
0
0
0
0
0
0
0
0
0
0
60
82
49
0
4
0
0
0
0
0
0
0
0
0
0
2
0
0
0
0
0
0
0
0
0
0
0
0
0
0
0
0
0
0
0
0
0
0
0
20
49
40
23
0
0
9
0
0
30
18
2
21
4
0
0
0
0
0
0
0
0
0
0
0
0
0
0
0
0
0
0
0
1
0
0
0
4
3
20
0
4
5
0
0
0
18
0
37
0
32
0
18
3
19
39
7
0
0
0
0
0
0
0
0
0
0
0
0
0
0
0
0
0
0
0
0
0
0
0
0
0
0
0
3
0
0
20
13
44
0
0
3
59
0
40
87
7
27
0
0
0
0
11
40
48
15
91
0
0
0
0
0
0
0
0
0
0
0
0
0
0
0
0
0
0
0
0
0
0
0
0
1
2
1
0
0
0
0
0
13
6
1
0
0
0
13
89
22
37
4
26
9
0
9
11
0
0
0
0
0
0
0
0
0
0
0
1
0
0
0
0
0
0
0
0
0
0
0
0
12
11
0
3
0
0
12
31
0
0
3
0
0
0
0
36
0
1
9
40
30
6
0
14
0
0
3
0
0
0
0
0
0
0
0
0
0
0
1
0
0
