Desktop Folder:soc9/9:D02M089C22   9 Sep 2000
336
30
0000
 -501
 -501
 -501
 -501
 -501
 -501
 -501
 -501
 -501
 -501
 -501
 -501
 -501
 -501
 -501
 -501
 -501
 -501
 -501
 -501
 -501
 -501
 -501
 -501
 -501
 -501
 -501
 -501
 -501
 -501
 -501
 -501
 -501
 -501
 -501
 -241
1
34
46
59
4
2
32
23
40
80
53
0
0
0
0
37
30
0
22
9
0
16
0
0
29
4
6
0
0
0
50
4
0
45
12
46
39
54
61
60
33
62
75
25
50
68
41
0
0
0
11
0
0
17
58
13
0
0
0
36
0
0
27
15
0
6
48
24
0
0
7
0
14
0
29
15
5
17
4
20
10
13
32
27
10
37
41
52
62
55
15
14
35
69
50
20
125
11
0
0
0
0
0
0
13
55
0
23
0
49
29
21
38
0
48
0
0
6
0
17
0
0
14
0
0
0
12
5
14
19
0
0
8
17
27
38
3
38
14
43
29
9
0
0
0
0
22
23
3
0
0
0
0
0
0
26
0
0
5
17
0
0
0
21
0
1
0
0
0
52
51
5
1
35
0
0
20
46
31
10
76
8
19
6
0
18
8
3
0
0
0
0
0
0
0
11
4
2
0
9
0
0
0
3
0
5
8
40
0
7
0
0
0
9
23
0
16
0
4
12
0
28
6
7
4
14
16
0
0
35
5
9
19
23
26
16
0
0
0
0
0
0
0
0
0
0
15
5
14
0
0
0
16
0
34
0
0
10
0
0
0
0
0
0
5
26
25
0
0
10
41
3
17
4
11
2
0
18
16
0
0
22
2
0
0
0
0
0
0
0
0
0
20
14
0
0
0
0
0
11
