Desktop Folder:soc9/9:D02M092C14   9 Sep 2000
336
30
0000
 -501
 -501
 -501
 -501
 -501
 -501
 -501
 -501
 -501
 -501
 -501
 -501
 -501
 -501
 -501
 -501
 -501
 -501
 -501
 -501
 -501
 -501
 -501
 -501
 -501
 -501
 -501
 -501
 -501
 -501
 -501
 -501
 -501
 -501
 -501
 -241
2
18
13
4
0
0
6
0
1
0
0
33
2
1
5
55
14
21
1
6
0
5
9
0
7
10
9
0
0
12
0
1
4
5
3
17
5
8
6
37
8
16
39
15
8
44
14
40
10
0
0
1
3
1
0
0
0
0
0
0
26
0
0
10
0
34
21
17
0
8
19
0
17
5
4
0
5
27
49
20
14
5
3
0
11
9
4
34
11
17
10
4
35
23
20
13
8
2
0
0
0
19
0
1
4
0
0
0
31
47
15
28
0
8
0
8
0
0
1
0
1
0
0
0
4
0
20
20
4
8
3
3
11
37
7
18
13
17
11
14
18
40
8
32
13
23
2
0
1
0
0
4
1
1
21
0
0
12
89
0
14
19
1
8
5
0
17
0
0
0
3
31
15
6
1
36
0
3
0
0
11
9
1
4
50
68
0
0
14
20
6
28
64
0
1
0
19
20
1
0
0
0
0
0
0
17
116
2
0
2
3
0
8
0
0
30
1
36
3
1
0
0
12
6
0
0
42
38
3
12
7
14
100
15
16
5
7
10
27
6
14
20
0
0
0
0
23
3
0
9
37
0
8
4
0
1
0
0
0
7
6
0
0
6
7
3
0
0
3
3
0
3
71
18
6
25
2
34
37
14
86
11
32
21
11
39
37
15
6
27
17
6
9
0
2
26
25
23
0
0
