Desktop Folder:soc9/9:D02M090C18   9 Sep 2000
336
30
0000
 -501
 -501
 -501
 -501
 -501
 -501
 -501
 -501
 -501
 -501
 -501
 -501
 -501
 -501
 -501
 -501
 -501
 -501
 -501
 -501
 -501
 -501
 -501
 -501
 -501
 -501
 -501
 -501
 -501
 -501
 -501
 -501
 -501
 -501
 -501
 -241
26
173
64
27
4
39
10
30
62
59
1
3
0
3
18
0
0
4
6
2
0
44
22
0
0
0
0
0
4
18
5
0
0
47
14
47
18
0
0
14
16
15
0
0
13
68
36
13
36
13
0
9
42
0
0
15
39
0
0
9
0
0
0
0
0
0
6
1
0
0
0
1
0
4
6
6
51
0
0
2
0
22
18
46
16
0
0
0
6
49
48
18
0
0
14
8
109
96
28
0
5
57
19
0
47
20
0
0
47
0
0
5
5
25
0
0
0
9
13
35
1
0
0
0
0
0
29
40
28
14
33
12
0
0
0
0
33
47
19
0
10
41
0
0
27
26
62
50
19
13
9
0
43
39
0
0
0
0
0
7
0
7
17
0
0
7
0
0
24
0
0
0
0
16
14
26
11
19
0
0
7
0
0
0
40
26
47
33
12
0
29
3
6
15
0
2
18
8
0
26
13
6
9
0
0
46
7
0
0
0
0
8
27
19
28
0
1
0
3
1
30
27
11
83
21
46
25
10
0
28
22
46
27
1
26
36
0
22
11
2
42
11
29
0
0
0
15
0
5
10
11
0
0
10
4
14
0
16
7
0
0
0
7
23
11
0
9
6
18
3
0
9
7
23
0
18
0
0
52
48
23
12
7
0
15
9
17
3
0
29
0
12
25
2
19
9
0
2
0
0
