Desktop Folder:soc9/9:D02M092C10   9 Sep 2000
336
30
0000
 -501
 -501
 -501
 -501
 -501
 -501
 -501
 -501
 -501
 -501
 -501
 -501
 -501
 -501
 -501
 -501
 -501
 -501
 -501
 -501
 -501
 -501
 -501
 -501
 -501
 -501
 -501
 -501
 -501
 -501
 -501
 -501
 -501
 -501
 -501
 -241
60
179
183
118
103
115
51
86
0
29
44
13
55
19
2
15
47
77
49
15
76
85
82
0
0
0
0
133
94
143
13
6
46
100
66
88
67
0
0
0
92
89
64
46
79
54
63
149
45
47
65
61
54
27
76
0
27
16
0
28
19
0
0
40
96
163
0
17
37
37
14
0
37
33
59
17
3
0
83
89
30
0
8
45
92
83
3
30
0
8
52
93
61
112
68
86
72
50
49
57
36
38
32
16
29
0
0
27
0
0
16
0
0
0
5
2
8
8
2
75
22
25
55
0
35
93
5
0
34
70
48
11
26
86
64
46
40
20
33
54
78
39
62
65
55
154
143
58
67
68
39
32
4
20
14
9
0
14
0
5
0
0
27
9
0
6
13
53
73
25
55
0
0
56
85
22
1
21
37
0
68
25
0
69
56
35
23
41
58
64
30
88
58
44
60
85
58
43
52
30
8
17
27
0
0
12
3
0
5
1
0
4
9
27
8
0
18
59
60
28
18
0
21
19
45
0
4
37
22
47
11
59
69
32
59
67
70
54
70
57
54
51
62
61
52
50
28
27
12
5
0
18
0
5
46
0
16
28
0
15
9
8
0
46
26
47
0
2
18
30
42
0
39
19
25
28
11
0
47
82
23
49
47
37
86
53
48
65
58
72
85
56
46
23
22
18
0
7
0
12
