Desktop Folder:soc9/9:D02M090C03   9 Sep 2000
336
30
0000
 -501
 -501
 -501
 -501
 -501
 -501
 -501
 -501
 -501
 -501
 -501
 -501
 -501
 -501
 -501
 -501
 -501
 -501
 -501
 -501
 -501
 -501
 -501
 -501
 -501
 -501
 -501
 -501
 -501
 -501
 -501
 -501
 -501
 -501
 -501
 -241
0
8
47
17
0
0
0
3
55
2
1
27
0
4
3
3
0
0
24
31
0
14
14
0
14
0
5
6
7
15
11
9
0
0
7
23
0
0
0
0
0
10
4
4
19
0
0
0
5
0
0
1
27
8
7
2
0
0
0
0
0
0
0
0
0
0
39
13
2
0
4
10
0
0
0
0
45
20
15
1
0
8
27
3
3
14
14
7
5
1
0
5
5
17
0
0
1
5
0
0
0
2
7
0
0
0
30
10
3
6
29
2
17
1
6
0
7
2
0
9
3
6
12
0
0
7
25
1
27
6
1
10
14
2
0
0
0
14
6
12
1
0
0
5
0
0
0
0
0
3
4
18
7
3
2
5
1
0
10
9
1
3
0
11
16
5
12
0
6
4
8
5
22
3
11
4
31
6
2
16
11
17
13
4
9
6
29
17
7
13
21
16
6
6
4
14
22
0
4
10
2
3
0
0
6
18
0
3
2
2
0
0
4
15
5
29
23
14
8
10
21
29
14
12
22
15
10
17
15
16
17
17
15
16
13
13
13
7
15
9
1
2
0
3
3
0
0
0
4
0
1
7
3
1
6
0
6
9
4
0
3
3
0
6
5
0
9
2
0
5
8
0
0
0
2
10
3
0
0
12
2
0
10
4
4
0
3
0
2
5
18
0
0
0
0
0
0
5
0
0
