Desktop Folder:soc9/9:D02M092C03   9 Sep 2000
336
30
0000
 -501
 -501
 -501
 -501
 -501
 -501
 -501
 -501
 -501
 -501
 -501
 -501
 -501
 -501
 -501
 -501
 -501
 -501
 -501
 -501
 -501
 -501
 -501
 -501
 -501
 -501
 -501
 -501
 -501
 -501
 -501
 -501
 -501
 -501
 -501
 -241
101
2
1
0
30
0
31
19
33
0
0
0
0
3
14
6
0
12
17
56
59
44
13
81
0
0
38
1
0
42
1
0
0
20
5
71
0
13
46
39
13
21
23
35
32
53
69
60
0
0
18
1
0
0
0
0
9
0
0
4
0
9
6
0
0
0
0
48
1
8
33
10
5
17
25
3
72
19
78
0
74
65
16
13
53
104
51
62
48
83
39
31
33
60
25
21
0
0
0
0
6
7
19
8
0
0
0
7
99
1
0
0
2
24
0
12
0
0
20
66
27
4
23
0
23
3
1
0
14
0
47
21
8
0
30
21
11
2
21
36
34
36
32
6
0
0
0
0
0
12
7
24
2
0
0
73
0
4
0
0
0
0
2
3
14
12
14
6
14
11
24
3
55
27
1
55
48
3
0
42
16
41
11
33
14
16
17
42
64
0
0
0
0
0
12
25
0
0
55
0
1
2
50
23
0
0
0
6
10
0
0
0
45
78
6
7
78
0
34
4
1
68
23
0
1
36
43
63
6
0
8
80
37
9
65
74
17
3
0
0
6
0
8
27
6
2
20
35
15
0
0
1
0
0
0
6
0
6
0
27
32
7
5
0
0
16
13
31
5
11
4
0
30
13
6
24
0
29
29
34
20
0
55
38
31
6
1
0
0
23
0
0
14
2
26
2
22
0
0
6
