Desktop Folder:soc9/9:D02M088C08   9 Sep 2000
336
30
0000
 -501
 -501
 -501
 -501
 -501
 -501
 -501
 -501
 -501
 -501
 -501
 -501
 -501
 -501
 -501
 -501
 -501
 -501
 -501
 -501
 -501
 -501
 -501
 -501
 -501
 -501
 -501
 -501
 -501
 -501
 -501
 -501
 -501
 -501
 -501
 -241
31
18
6
7
0
0
0
19
0
0
0
0
16
17
0
0
0
0
0
0
36
15
1
0
0
3
39
10
0
0
60
37
26
0
0
47
4
26
48
11
20
5
35
33
27
22
26
33
15
8
3
2
0
0
0
0
0
0
0
0
0
0
0
0
0
0
3
6
3
0
0
0
5
9
15
0
14
56
0
0
0
27
0
27
35
15
9
30
39
25
33
28
26
33
26
25
39
0
0
0
0
0
0
0
0
0
0
0
0
0
0
1
27
0
0
0
2
0
0
0
0
10
3
5
29
0
0
16
5
0
25
13
0
23
0
27
14
29
31
25
15
26
40
22
8
12
0
7
0
0
0
0
0
4
0
0
0
0
0
2
0
0
0
0
0
0
0
0
0
0
61
0
0
0
0
31
43
1
0
0
38
0
10
22
34
14
21
25
10
28
18
20
30
21
17
0
0
0
0
0
0
0
0
0
0
0
0
0
0
0
0
0
2
0
0
2
2
27
9
0
0
24
30
9
28
23
0
0
34
21
2
25
16
25
25
28
20
31
22
6
41
21
23
3
0
0
0
0
0
0
0
0
0
0
0
0
0
0
0
1
0
0
0
0
0
0
7
52
0
0
0
26
56
1
0
0
29
42
9
67
18
22
19
28
13
11
32
28
24
26
2
0
0
0
0
0
0
0
0
0
