Desktop Folder:soc9/9:D02M088C26   9 Sep 2000
336
30
0000
 -501
 -501
 -501
 -501
 -501
 -501
 -501
 -501
 -501
 -501
 -501
 -501
 -501
 -501
 -501
 -501
 -501
 -501
 -501
 -501
 -501
 -501
 -501
 -501
 -501
 -501
 -501
 -501
 -501
 -501
 -501
 -501
 -501
 -501
 -501
 -241
11
0
0
2
0
0
21
4
6
41
31
0
0
0
0
0
0
0
10
6
0
5
29
17
0
0
0
6
53
0
30
35
28
16
36
11
7
0
14
34
12
12
3
4
0
39
28
10
31
5
0
0
3
0
0
0
0
0
0
0
0
0
3
0
0
0
27
10
15
0
0
8
38
3
23
5
13
35
0
31
7
47
26
45
30
22
14
13
18
69
4
16
0
0
1
11
22
0
0
7
0
20
0
0
0
0
0
9
0
0
35
0
0
30
27
4
7
24
21
10
16
16
7
6
7
27
0
22
2
28
10
0
18
30
28
19
8
0
44
1
0
9
1
0
6
24
2
0
0
0
0
0
0
9
6
0
0
0
19
31
34
18
35
4
7
15
5
24
0
40
0
8
0
54
15
41
4
0
0
16
95
24
2
14
0
0
0
20
4
0
0
15
1
0
12
6
2
3
0
0
0
0
0
7
0
3
11
17
1
13
0
24
12
6
0
26
0
19
8
6
0
27
0
15
34
21
17
0
29
11
30
7
20
7
0
12
0
11
13
8
0
10
0
14
0
4
8
8
0
0
0
17
14
6
0
17
29
34
2
19
0
7
19
88
0
19
5
0
33
15
29
17
26
4
59
73
7
16
25
17
0
0
0
11
61
0
29
7
7
2
0
0
0
23
0
0
0
0
0
0
