Desktop Folder:soc9/9:D02M089C17   9 Sep 2000
336
30
0000
 -501
 -501
 -501
 -501
 -501
 -501
 -501
 -501
 -501
 -501
 -501
 -501
 -501
 -501
 -501
 -501
 -501
 -501
 -501
 -501
 -501
 -501
 -501
 -501
 -501
 -501
 -501
 -501
 -501
 -501
 -501
 -501
 -501
 -501
 -501
 -241
0
0
0
0
0
0
0
0
0
0
0
0
0
1
0
0
8
111
0
0
0
0
0
12
49
0
0
0
0
0
50
58
0
30
90
0
26
0
6
3
67
6
59
47
29
110
33
36
29
0
0
0
0
0
0
0
0
0
0
31
70
0
0
0
0
0
0
43
0
0
0
12
64
0
0
2
116
23
0
60
0
33
18
34
25
36
18
81
25
19
62
41
71
54
40
29
5
5
0
0
0
0
27
3
0
0
0
0
0
0
0
0
9
0
0
34
21
2
0
0
44
0
45
2
0
32
63
6
1
38
24
4
25
40
30
22
13
52
21
38
25
8
24
3
0
0
0
0
0
0
0
17
5
0
0
0
0
0
0
0
22
0
19
9
39
0
0
20
18
6
24
8
0
0
2
11
7
0
10
8
10
0
11
4
22
0
26
14
19
20
11
0
0
0
0
0
0
14
13
0
42
0
0
3
0
0
0
0
12
20
2
0
0
2
0
24
10
0
8
25
0
0
0
23
0
11
7
20
9
16
7
0
26
26
7
21
5
12
0
19
0
0
0
0
0
0
0
0
0
0
0
0
6
12
0
0
0
5
10
12
0
0
0
0
0
0
2
20
35
0
0
0
11
22
20
16
13
4
18
9
15
28
8
0
24
9
0
8
0
0
0
0
0
0
0
0
0
0
0
0
