Desktop Folder:soc9/9:D02M092C04   9 Sep 2000
336
30
0000
 -501
 -501
 -501
 -501
 -501
 -501
 -501
 -501
 -501
 -501
 -501
 -501
 -501
 -501
 -501
 -501
 -501
 -501
 -501
 -501
 -501
 -501
 -501
 -501
 -501
 -501
 -501
 -501
 -501
 -501
 -501
 -501
 -501
 -501
 -501
 -241
38
26
32
39
41
0
85
31
5
0
0
0
0
3
49
5
0
0
0
0
0
0
0
0
0
29
29
29
0
0
0
0
0
0
1
53
50
40
49
0
0
63
38
7
33
70
0
62
22
16
31
26
25
25
33
21
13
0
0
0
0
0
0
0
33
80
15
9
4
4
37
13
9
29
2
56
31
7
6
18
12
14
18
27
11
0
10
38
6
0
26
27
12
31
11
27
24
86
46
32
45
21
27
28
29
0
0
0
0
0
51
15
10
1
26
15
24
0
0
17
0
0
2
2
0
34
17
1
35
3
13
27
13
25
38
0
15
14
0
70
12
23
3
45
14
51
9
56
17
37
33
57
18
4
0
0
0
0
0
0
40
7
34
8
0
0
0
23
0
0
0
23
10
0
0
9
20
2
33
0
22
1
1
0
35
22
6
31
44
31
16
18
27
33
26
26
20
36
37
23
0
0
0
29
19
14
4
3
0
0
51
0
0
0
23
7
10
1
13
13
0
0
20
13
25
22
0
0
0
0
11
41
43
31
28
7
30
40
23
30
16
30
24
12
53
33
30
14
0
0
0
0
0
0
0
0
0
0
0
0
5
28
24
0
30
13
0
10
0
2
0
24
14
0
0
15
26
28
0
27
0
0
24
0
16
9
27
17
0
35
28
5
36
25
10
0
0
60
0
1
