Desktop Folder:soc9/9:D02M088C02   9 Sep 2000
336
30
0000
 -501
 -501
 -501
 -501
 -501
 -501
 -501
 -501
 -501
 -501
 -501
 -501
 -501
 -501
 -501
 -501
 -501
 -501
 -501
 -501
 -501
 -501
 -501
 -501
 -501
 -501
 -501
 -501
 -501
 -501
 -501
 -501
 -501
 -501
 -501
 -241
28
0
68
64
33
2
51
52
0
0
0
0
29
15
1
3
30
0
0
0
25
0
0
0
0
0
0
0
6
30
2
21
0
11
0
24
41
0
11
21
38
2
55
42
29
81
0
0
13
32
0
43
2
57
0
38
33
0
0
0
0
0
0
0
0
0
0
0
0
0
10
0
0
0
0
0
0
22
2
25
23
0
22
0
0
64
0
0
40
0
0
39
58
10
0
26
0
12
75
1
21
27
23
56
23
2
1
4
0
0
35
3
0
0
0
0
0
15
1
0
0
0
0
0
0
0
0
0
33
16
5
3
36
11
0
0
40
7
18
84
0
0
28
51
20
0
64
41
31
11
39
0
0
29
0
0
0
0
0
26
0
0
0
0
0
0
0
0
0
0
0
0
5
2
0
21
6
0
0
0
4
19
0
0
27
17
34
0
0
21
0
29
23
0
0
38
32
0
19
27
0
0
0
29
4
0
0
0
0
0
0
0
0
2
0
0
0
12
10
6
0
0
0
2
3
0
0
0
17
0
0
21
0
35
0
26
0
8
51
41
16
20
30
53
10
33
47
41
15
23
4
41
0
23
55
25
17
10
56
57
39
30
19
48
5
25
12
55
40
50
56
63
55
68
57
62
66
86
72
63
67
75
52
27
0
0
0
0
0
0
0
0
0
0
0
0
0
0
0
0
