Desktop Folder:soc9/9:D02M090C16   9 Sep 2000
336
30
0000
 -501
 -501
 -501
 -501
 -501
 -501
 -501
 -501
 -501
 -501
 -501
 -501
 -501
 -501
 -501
 -501
 -501
 -501
 -501
 -501
 -501
 -501
 -501
 -501
 -501
 -501
 -501
 -501
 -501
 -501
 -501
 -501
 -501
 -501
 -501
 -241
0
0
4
35
41
119
68
0
0
0
0
40
42
3
5
1
0
0
0
0
10
19
9
17
0
8
1
0
0
11
49
0
0
0
13
37
0
0
0
0
0
70
11
0
0
0
43
48
0
92
53
68
1
35
59
15
0
0
0
0
0
0
0
6
16
4
0
0
0
0
0
0
0
0
0
18
40
0
0
0
0
0
25
0
12
0
0
0
16
34
0
29
61
0
55
25
0
43
33
0
0
74
3
0
0
6
12
0
0
0
0
0
0
0
0
19
2
0
0
0
0
0
27
0
29
0
0
0
43
16
0
10
15
0
11
8
0
0
37
18
10
24
0
18
25
0
28
41
4
13
0
28
0
0
0
0
20
0
0
0
11
0
0
0
0
0
11
0
0
0
49
0
0
0
13
54
0
17
18
2
22
86
0
11
14
18
12
56
17
2
30
24
0
30
40
16
23
4
35
0
29
0
0
0
0
0
3
0
0
0
0
0
0
3
0
0
16
8
0
0
0
15
3
2
0
0
0
28
25
0
0
0
37
12
19
12
0
39
14
0
20
29
19
25
14
17
17
0
27
0
0
5
0
0
0
0
0
0
6
0
2
0
0
0
0
0
0
8
0
0
34
0
0
0
0
0
0
0
26
1
23
0
0
0
2
68
38
0
29
24
18
16
25
0
17
29
11
20
0
0
