Desktop Folder:soc9/9:D02M092C17   9 Sep 2000
336
30
0000
 -501
 -501
 -501
 -501
 -501
 -501
 -501
 -501
 -501
 -501
 -501
 -501
 -501
 -501
 -501
 -501
 -501
 -501
 -501
 -501
 -501
 -501
 -501
 -501
 -501
 -501
 -501
 -501
 -501
 -501
 -501
 -501
 -501
 -501
 -501
 -241
1
16
16
114
117
112
54
68
24
26
43
42
39
46
0
50
43
6
10
50
0
0
0
0
0
48
34
10
42
0
32
0
30
48
29
20
0
48
44
27
69
0
36
47
48
30
35
51
58
54
32
47
72
61
63
52
24
17
15
7
7
21
62
10
20
14
4
14
22
0
0
0
0
0
5
96
51
0
0
38
0
10
0
0
10
51
0
37
36
8
54
63
34
33
42
69
64
59
47
73
45
69
29
33
12
10
0
38
17
46
0
24
0
34
29
0
0
0
0
0
2
0
9
25
25
0
26
0
10
8
16
58
41
0
0
14
23
30
69
60
25
60
48
24
76
67
48
41
67
42
48
67
24
24
0
24
9
17
0
0
34
6
14
23
0
0
0
0
0
0
0
0
9
16
21
14
1
18
10
0
10
2
24
9
0
31
21
53
61
48
32
44
63
74
47
48
46
21
34
44
0
40
0
19
11
0
0
11
0
19
0
0
0
2
0
6
0
21
5
0
0
0
36
2
41
7
42
0
23
4
4
42
0
11
41
0
42
62
41
60
51
66
50
52
35
28
47
37
9
41
0
43
29
0
27
9
0
0
0
0
0
0
0
1
0
17
17
48
3
1
13
21
38
0
39
5
38
0
31
2
19
26
32
23
41
49
52
63
54
10
31
58
33
16
27
51
11
27
14
23
