Desktop Folder:soc9/9:D02M089C28   9 Sep 2000
336
30
0000
 -501
 -501
 -501
 -501
 -501
 -501
 -501
 -501
 -501
 -501
 -501
 -501
 -501
 -501
 -501
 -501
 -501
 -501
 -501
 -501
 -501
 -501
 -501
 -501
 -501
 -501
 -501
 -501
 -501
 -501
 -501
 -501
 -501
 -501
 -501
 -241
57
2
0
1
92
5
0
0
10
1
53
65
3
0
3
0
0
27
75
65
108
51
8
0
0
0
0
0
5
0
25
65
0
29
0
13
32
0
0
0
14
1
2
26
16
69
56
15
0
1
5
3
0
2
3
0
0
0
9
22
0
0
0
0
0
0
0
0
0
0
0
55
88
58
3
4
27
6
10
27
6
0
0
2
0
44
21
21
4
0
7
13
34
30
74
45
13
11
4
51
0
0
0
0
0
0
0
0
0
0
0
0
0
16
67
0
0
14
16
0
0
0
0
0
0
0
0
0
0
0
0
0
5
24
27
2
0
26
80
0
18
10
36
13
0
0
0
0
0
0
0
6
43
27
15
0
0
0
0
0
0
0
0
0
0
0
0
0
8
13
15
45
16
0
26
57
0
0
0
0
0
0
6
0
0
0
10
18
47
46
0
31
4
47
21
6
0
0
0
0
0
0
20
0
0
0
0
0
0
0
22
26
0
0
0
26
22
38
2
0
6
62
0
0
18
35
11
11
46
14
9
48
39
15
6
49
41
39
38
69
41
0
3
0
0
30
23
5
0
23
0
1
35
0
0
25
21
0
0
0
30
2
29
6
0
25
25
15
62
3
29
0
29
0
42
28
23
3
6
34
26
39
34
39
43
34
20
3
67
48
0
0
0
0
0
0
19
0
24
0
