Desktop Folder:soc9/9:D02M092C07   9 Sep 2000
336
30
0000
 -501
 -501
 -501
 -501
 -501
 -501
 -501
 -501
 -501
 -501
 -501
 -501
 -501
 -501
 -501
 -501
 -501
 -501
 -501
 -501
 -501
 -501
 -501
 -501
 -501
 -501
 -501
 -501
 -501
 -501
 -501
 -501
 -501
 -501
 -501
 -241
0
0
3
87
0
28
65
0
0
0
0
11
85
0
0
0
0
0
0
0
85
58
1
69
50
12
0
0
0
125
37
0
0
58
0
0
55
73
0
0
0
79
99
52
84
42
25
69
58
34
21
27
82
108
89
6
0
0
33
0
0
0
0
0
0
0
0
31
0
0
0
0
0
0
28
25
0
0
60
61
0
6
0
0
0
0
0
72
15
100
62
0
56
61
17
27
65
33
40
84
50
44
71
46
83
31
0
0
0
0
0
0
0
0
0
0
9
0
0
0
0
1
3
35
0
2
0
0
0
3
78
0
0
0
29
88
36
0
0
98
10
37
38
34
62
64
54
37
23
56
24
86
50
19
15
1
16
0
0
0
0
0
0
0
0
46
0
0
16
0
0
44
40
0
0
0
0
0
0
19
25
55
0
0
40
34
68
27
46
0
57
24
33
43
18
33
40
60
45
88
6
12
25
0
0
0
3
9
0
0
27
11
0
0
0
0
0
15
2
0
2
99
0
0
0
0
61
36
5
0
0
0
0
0
59
25
0
48
25
45
40
32
31
17
19
47
29
25
13
3
12
0
42
0
0
0
0
0
0
0
0
0
0
24
0
0
0
36
17
26
0
0
0
28
0
33
15
24
0
0
27
14
0
0
52
32
47
24
42
17
40
17
49
61
19
25
25
19
26
0
