Desktop Folder:soc9/9:D02M089C31   9 Sep 2000
336
30
0000
 -501
 -501
 -501
 -501
 -501
 -501
 -501
 -501
 -501
 -501
 -501
 -501
 -501
 -501
 -501
 -501
 -501
 -501
 -501
 -501
 -501
 -501
 -501
 -501
 -501
 -501
 -501
 -501
 -501
 -501
 -501
 -501
 -501
 -501
 -501
 -241
0
88
32
7
0
0
0
0
0
0
82
84
11
0
0
0
0
0
0
0
0
0
68
51
56
63
19
10
70
28
0
62
53
0
0
0
0
1
96
81
74
58
41
72
86
76
78
75
83
71
33
71
36
76
0
0
0
61
12
0
0
0
0
0
0
54
63
0
0
0
0
23
72
20
0
25
51
16
0
72
9
38
51
6
54
6
103
91
0
92
14
67
79
77
81
103
49
89
0
39
0
0
0
50
0
0
0
0
0
51
13
0
22
31
0
0
0
0
0
0
0
0
55
11
49
3
41
39
0
0
0
0
48
38
64
49
35
29
30
33
80
70
69
98
79
14
53
0
47
0
0
11
7
0
0
0
0
43
42
0
0
0
0
0
0
0
0
5
44
26
33
18
28
36
0
0
0
22
66
0
59
66
0
16
85
10
25
87
68
29
98
66
91
27
62
0
0
47
0
0
0
0
0
0
40
22
23
0
0
0
0
0
22
54
0
0
0
0
0
0
0
57
41
33
0
47
7
25
71
59
0
0
82
77
77
0
94
32
43
78
75
79
0
0
52
0
0
0
0
0
36
0
6
14
0
0
0
0
2
41
0
0
40
61
0
51
0
1
24
61
0
0
52
4
0
0
59
48
14
24
48
38
67
71
92
12
90
88
43
36
38
13
0
0
0
0
0
0
0
12
