Desktop Folder:soc9/9:D02M091C22   9 Sep 2000
336
30
0000
 -501
 -501
 -501
 -501
 -501
 -501
 -501
 -501
 -501
 -501
 -501
 -501
 -501
 -501
 -501
 -501
 -501
 -501
 -501
 -501
 -501
 -501
 -501
 -501
 -501
 -501
 -501
 -501
 -501
 -501
 -501
 -501
 -501
 -501
 -501
 -241
41
6
43
42
20
4
0
0
0
47
26
0
0
0
3
0
0
27
104
7
0
0
0
0
35
9
20
14
62
0
0
0
0
0
0
15
13
0
42
5
0
22
13
5
19
28
12
23
30
18
40
10
26
5
9
5
11
9
4
7
6
0
0
0
11
0
0
0
32
0
19
6
26
6
0
0
19
24
10
5
2
43
1
39
38
4
4
7
16
7
6
8
30
20
16
21
33
42
28
21
24
17
13
23
25
7
0
0
0
0
29
3
36
5
17
13
11
34
14
0
32
22
15
22
24
8
19
15
0
25
45
17
15
4
13
21
48
12
28
28
12
25
0
14
34
45
54
18
29
15
28
26
0
0
17
15
13
0
0
19
0
26
19
23
33
17
8
6
22
0
6
29
0
0
15
6
0
22
20
40
18
0
0
14
0
18
6
0
18
41
0
0
36
58
0
2
16
28
0
0
0
0
0
0
31
0
0
30
0
2
33
54
27
25
7
0
0
14
0
29
0
0
17
0
7
0
8
58
8
56
52
8
23
56
0
0
0
40
0
29
73
69
56
14
17
9
0
0
0
9
0
21
43
23
23
19
0
20
29
22
0
0
0
0
18
0
23
0
0
0
16
0
12
5
13
0
18
0
0
0
0
26
10
21
15
54
23
0
17
26
3
0
0
0
0
0
0
0
18
0
