Desktop Folder:soc9/9:D02M090C02   9 Sep 2000
336
30
0000
 -501
 -501
 -501
 -501
 -501
 -501
 -501
 -501
 -501
 -501
 -501
 -501
 -501
 -501
 -501
 -501
 -501
 -501
 -501
 -501
 -501
 -501
 -501
 -501
 -501
 -501
 -501
 -501
 -501
 -501
 -501
 -501
 -501
 -501
 -501
 -241
0
0
13
30
0
25
22
15
23
32
0
0
0
15
52
0
3
0
56
46
5
23
68
3
0
19
63
0
0
0
9
26
14
36
10
0
2
4
16
71
12
4
17
17
59
17
18
16
45
32
26
12
7
15
2
6
5
4
6
3
13
0
0
0
0
0
5
0
6
0
17
4
0
4
16
44
0
24
0
0
13
8
5
0
8
2
7
11
3
26
7
22
23
18
10
20
26
27
0
23
2
2
6
11
0
4
5
2
11
0
0
3
8
9
0
0
10
0
8
16
10
0
4
2
13
39
31
10
64
30
0
67
24
0
13
0
16
7
8
21
20
29
5
0
25
11
1
6
34
39
16
7
5
0
5
2
24
9
0
0
0
9
64
2
8
3
5
17
2
0
0
0
13
1
13
0
0
12
18
1
3
20
7
29
60
44
20
23
0
0
53
54
10
8
11
9
5
5
13
0
6
9
18
14
0
15
36
16
15
3
7
4
40
1
0
16
5
99
5
12
10
0
7
3
0
11
37
18
20
9
0
0
8
12
30
35
27
27
24
10
7
12
0
0
0
0
0
0
0
0
6
2
0
0
0
1
8
0
0
10
11
18
10
20
9
0
22
22
9
12
14
1
19
0
3
27
14
28
23
23
49
23
0
9
26
15
12
0
17
15
34
36
24
0
0
0
7
5
0
0
