Desktop Folder:soc9/9:D02M089C09   9 Sep 2000
336
30
0000
 -501
 -501
 -501
 -501
 -501
 -501
 -501
 -501
 -501
 -501
 -501
 -501
 -501
 -501
 -501
 -501
 -501
 -501
 -501
 -501
 -501
 -501
 -501
 -501
 -501
 -501
 -501
 -501
 -501
 -501
 -501
 -501
 -501
 -501
 -501
 -241
0
0
0
0
0
0
0
0
0
0
0
10
0
11
8
110
7
26
0
0
0
4
24
3
8
5
10
0
0
3
38
10
25
0
0
1
33
0
28
22
16
23
63
18
31
16
9
17
20
33
6
3
12
7
9
17
54
10
11
4
15
2
5
9
9
4
10
3
19
7
1
6
15
4
1
2
0
32
0
5
29
26
0
1
0
0
0
7
0
16
14
9
10
2
5
8
29
14
4
8
1
61
24
12
5
0
8
0
3
7
14
12
4
0
8
14
28
4
0
14
10
39
21
0
0
11
1
8
5
9
0
6
20
17
23
8
2
4
28
23
2
12
37
19
0
10
1
3
4
4
0
0
0
0
7
0
5
29
0
0
2
0
0
0
4
0
0
0
0
9
8
2
0
0
0
0
1
35
0
4
12
4
23
27
6
21
28
4
3
4
4
37
2
1
1
4
0
0
0
0
0
0
6
9
4
5
29
3
0
7
9
2
4
2
0
51
18
4
0
19
0
1
6
0
4
3
4
0
14
6
3
7
4
29
26
13
6
2
10
4
3
4
0
0
0
0
0
0
11
29
0
0
0
0
0
1
1
32
0
0
17
15
14
0
0
17
10
0
2
8
2
2
0
2
0
19
8
31
11
12
12
25
20
9
12
8
4
5
0
0
12
7
0
0
0
0
0
0
4
0
