Desktop Folder:soc9/9:D02M088C31   9 Sep 2000
336
30
0000
 -501
 -501
 -501
 -501
 -501
 -501
 -501
 -501
 -501
 -501
 -501
 -501
 -501
 -501
 -501
 -501
 -501
 -501
 -501
 -501
 -501
 -501
 -501
 -501
 -501
 -501
 -501
 -501
 -501
 -501
 -501
 -501
 -501
 -501
 -501
 -241
0
0
0
1
35
9
0
15
24
5
14
34
7
0
0
0
0
32
68
46
0
0
1
0
2
0
0
0
0
98
37
27
32
48
41
0
0
25
6
0
45
5
2
0
0
0
0
16
5
0
0
0
0
3
0
0
2
97
11
0
9
40
37
0
0
48
17
24
5
0
0
8
22
0
0
0
0
15
18
29
36
3
20
4
12
0
19
11
34
22
0
0
0
0
22
19
28
2
0
0
0
13
11
2
1
11
55
51
21
0
0
7
5
17
18
28
5
0
9
16
38
22
0
2
0
0
0
0
2
0
0
35
2
0
14
58
32
42
26
4
0
0
0
0
0
10
11
11
0
3
6
0
0
0
0
0
2
0
0
15
16
12
7
25
58
8
38
28
1
6
1
16
14
14
6
2
9
4
35
5
13
12
15
13
50
39
9
7
13
13
21
28
16
12
18
11
16
0
8
1
0
0
0
0
0
0
5
0
0
0
0
0
0
0
12
7
7
8
26
4
16
8
14
36
20
3
17
15
21
33
5
11
6
9
7
3
31
8
5
12
25
12
14
4
6
18
17
17
4
0
27
0
0
0
30
42
3
33
20
4
31
22
27
21
14
0
4
25
8
42
14
9
13
7
2
31
39
41
15
0
22
19
12
8
2
0
0
0
0
0
9
17
45
17
22
27
0
0
3
6
