Desktop Folder:soc9/9:D02M091C32   9 Sep 2000
336
30
0000
 -501
 -501
 -501
 -501
 -501
 -501
 -501
 -501
 -501
 -501
 -501
 -501
 -501
 -501
 -501
 -501
 -501
 -501
 -501
 -501
 -501
 -501
 -501
 -501
 -501
 -501
 -501
 -501
 -501
 -501
 -501
 -501
 -501
 -501
 -501
 -241
23
2
113
118
20
3
53
40
0
0
0
25
115
3
1
0
0
0
92
28
0
0
0
1
0
70
59
0
0
0
80
0
0
0
0
87
25
31
8
53
88
0
0
7
98
42
0
102
17
86
44
54
59
55
0
2
49
0
0
0
0
0
0
12
0
0
0
0
0
0
0
0
0
0
6
43
41
0
0
0
0
35
1
72
0
22
0
0
0
75
5
22
40
29
2
18
51
40
55
38
43
43
13
0
0
0
0
0
0
0
0
0
35
0
0
0
0
0
0
45
0
0
0
30
0
0
0
4
0
11
7
6
72
0
0
0
47
0
39
0
34
10
44
16
20
42
70
49
35
40
40
19
0
0
0
0
0
0
0
0
0
0
0
0
10
0
0
0
0
0
5
0
41
0
0
0
26
2
33
0
0
44
0
20
0
0
22
25
0
0
0
18
2
27
27
28
28
24
2
0
0
0
0
0
0
0
0
6
0
0
0
0
0
0
0
19
0
0
0
15
18
0
0
0
20
3
0
2
0
0
16
0
4
67
4
0
34
9
28
0
20
12
25
35
25
16
25
0
0
0
9
0
0
7
0
0
0
0
84
0
0
0
0
0
0
0
2
32
0
33
0
0
60
0
0
14
15
17
0
45
0
0
54
0
47
22
24
15
17
27
0
0
10
38
16
50
0
10
0
24
