Desktop Folder:soc9/9:D02M090C08   9 Sep 2000
336
30
0000
 -501
 -501
 -501
 -501
 -501
 -501
 -501
 -501
 -501
 -501
 -501
 -501
 -501
 -501
 -501
 -501
 -501
 -501
 -501
 -501
 -501
 -501
 -501
 -501
 -501
 -501
 -501
 -501
 -501
 -501
 -501
 -501
 -501
 -501
 -501
 -241
9
10
8
0
48
5
10
0
0
11
0
3
2
21
5
0
8
1
13
0
0
0
0
10
57
22
0
0
4
0
32
17
0
8
0
24
36
20
47
0
0
1
0
0
54
23
25
0
0
0
0
1
0
5
29
28
0
0
0
0
1
1
0
0
9
0
2
5
0
4
6
0
0
15
13
0
0
83
1
3
20
10
6
6
91
0
1
1
0
0
26
47
28
29
22
0
7
0
0
0
1
0
2
0
0
0
0
0
0
0
0
0
4
0
0
0
0
0
0
5
0
13
0
0
41
6
1
12
0
13
1
16
0
0
27
2
0
2
0
20
0
23
0
6
19
3
1
15
2
0
9
0
0
12
0
4
0
3
5
0
5
6
0
0
0
7
0
0
0
18
4
0
2
15
0
0
3
49
0
0
36
0
0
0
7
41
0
13
0
0
0
20
7
0
0
0
16
0
2
0
0
0
0
30
2
0
1
0
0
0
0
0
0
7
10
0
0
0
0
17
19
0
0
0
29
17
0
0
0
21
6
9
13
0
0
15
0
13
0
0
21
0
0
0
0
0
0
0
52
0
0
0
11
25
0
0
0
0
15
5
0
0
0
11
2
0
5
6
0
3
0
0
31
0
1
20
0
21
0
3
16
5
0
0
0
20
8
0
7
5
0
0
0
0
0
0
0
0
0
0
