Desktop Folder:soc9/9:D02M091C03   9 Sep 2000
336
30
0000
 -501
 -501
 -501
 -501
 -501
 -501
 -501
 -501
 -501
 -501
 -501
 -501
 -501
 -501
 -501
 -501
 -501
 -501
 -501
 -501
 -501
 -501
 -501
 -501
 -501
 -501
 -501
 -501
 -501
 -501
 -501
 -501
 -501
 -501
 -501
 -241
0
27
73
0
0
0
26
113
12
0
0
39
0
0
0
0
0
0
0
49
43
17
0
0
0
0
0
0
62
15
0
0
0
0
61
31
26
29
13
8
2
0
0
19
26
43
0
19
24
11
18
28
13
1
0
7
72
5
4
0
0
0
0
2
12
0
0
0
0
42
6
24
0
0
0
14
7
2
6
0
0
19
36
34
14
15
0
3
55
16
16
0
0
20
55
13
7
38
0
0
0
59
14
0
23
38
3
0
0
0
0
0
39
10
0
0
14
31
0
4
0
0
0
0
5
6
14
0
0
0
0
0
21
21
38
17
14
17
15
0
10
10
58
2
21
7
22
1
17
9
21
8
0
0
0
0
23
27
0
0
0
14
2
0
2
0
5
0
0
0
0
2
19
0
1
0
2
19
6
7
0
0
3
24
7
0
19
12
1
0
6
13
23
25
8
3
16
26
38
21
11
0
0
6
0
0
0
0
5
7
1
1
7
2
0
3
17
4
3
0
17
0
0
0
0
0
4
9
0
4
3
10
22
22
24
65
21
50
12
0
32
13
12
7
24
4
17
14
0
13
17
0
0
0
0
0
0
0
13
31
0
0
0
0
0
0
19
0
0
0
2
2
2
0
10
0
3
14
8
38
30
19
0
0
0
19
32
17
51
22
6
4
0
10
0
0
0
13
19
6
