Desktop Folder:soc9/9:D02M088C09   9 Sep 2000
336
30
0000
 -501
 -501
 -501
 -501
 -501
 -501
 -501
 -501
 -501
 -501
 -501
 -501
 -501
 -501
 -501
 -501
 -501
 -501
 -501
 -501
 -501
 -501
 -501
 -501
 -501
 -501
 -501
 -501
 -501
 -501
 -501
 -501
 -501
 -501
 -501
 -241
3
0
0
95
31
77
0
0
0
0
0
0
0
0
0
29
0
1
1
6
9
1
0
1
0
0
1
46
0
0
0
71
6
0
26
71
0
104
0
0
0
105
1
50
68
0
87
40
16
53
33
11
84
27
75
4
0
3
53
0
0
0
0
0
0
4
0
0
0
12
65
2
1
0
0
18
52
17
82
10
12
30
0
0
63
76
1
64
7
0
102
41
34
52
0
126
46
39
89
63
7
50
24
1
35
0
0
0
0
2
0
0
3
0
0
0
0
0
0
1
8
3
34
0
0
0
27
26
0
33
63
4
9
14
76
20
0
0
73
45
9
49
28
54
41
17
61
14
30
19
50
0
0
0
0
0
0
0
0
0
18
0
0
0
0
0
0
0
0
0
19
26
0
0
0
0
0
60
3
43
19
0
0
45
73
8
48
43
0
67
26
10
20
29
34
74
1
20
25
0
0
0
0
0
0
0
0
0
0
6
0
0
0
27
46
1
5
6
95
2
7
23
31
0
0
65
19
0
0
0
0
90
27
20
29
3
43
47
25
26
28
39
42
20
12
17
0
0
22
0
0
0
0
0
0
0
0
9
0
0
0
0
0
21
0
0
17
0
0
0
50
32
0
3
0
10
36
0
53
17
5
0
20
44
32
17
23
69
39
39
19
15
11
14
0
0
0
0
0
0
