Desktop Folder:soc9/9:D02M088C03   9 Sep 2000
336
30
0000
 -501
 -501
 -501
 -501
 -501
 -501
 -501
 -501
 -501
 -501
 -501
 -501
 -501
 -501
 -501
 -501
 -501
 -501
 -501
 -501
 -501
 -501
 -501
 -501
 -501
 -501
 -501
 -501
 -501
 -501
 -501
 -501
 -501
 -501
 -501
 -241
0
96
7
53
0
0
0
0
31
78
0
0
0
0
0
0
0
56
68
0
11
0
0
78
23
1
1
0
97
9
1
23
32
0
65
0
0
21
124
0
0
47
52
71
184
39
56
27
23
63
62
0
75
67
47
42
0
0
0
0
0
19
52
31
17
0
61
0
0
0
0
0
116
52
0
0
31
41
27
60
0
0
58
5
0
0
0
80
36
28
19
92
12
65
28
49
49
17
14
75
41
20
0
0
0
0
0
0
0
0
0
44
20
0
0
0
22
0
0
50
3
1
0
8
101
4
0
0
34
52
0
0
0
37
64
4
49
47
0
104
69
15
72
28
46
11
25
49
45
46
37
26
0
0
0
0
28
0
10
0
0
0
0
0
0
10
28
24
6
51
77
1
0
0
0
0
0
0
73
59
5
0
59
0
53
32
9
57
11
46
27
66
19
20
52
37
38
38
0
0
0
0
0
9
39
2
46
0
5
0
13
19
32
0
0
0
0
0
0
34
35
5
24
0
0
18
55
0
0
49
33
20
30
21
59
30
37
36
16
60
24
44
43
24
32
22
0
25
3
0
0
0
0
0
6
1
57
32
16
10
17
0
11
15
22
60
5
0
0
0
53
10
36
33
44
0
10
23
0
32
38
20
39
30
25
36
21
28
41
83
26
19
34
10
0
0
0
0
0
0
