Desktop Folder:soc9/9:D02M088C13   9 Sep 2000
336
30
0000
 -501
 -501
 -501
 -501
 -501
 -501
 -501
 -501
 -501
 -501
 -501
 -501
 -501
 -501
 -501
 -501
 -501
 -501
 -501
 -501
 -501
 -501
 -501
 -501
 -501
 -501
 -501
 -501
 -501
 -501
 -501
 -501
 -501
 -501
 -501
 -241
8
26
67
61
0
0
0
52
62
0
0
0
0
0
0
0
0
11
53
0
2
3
1
4
34
78
27
0
20
0
30
0
0
51
2
0
0
59
39
32
48
37
66
23
44
26
22
68
57
31
54
56
76
35
42
5
5
0
0
0
0
0
0
8
49
0
0
0
0
0
0
0
6
36
0
2
0
10
69
0
0
0
39
0
1
8
68
25
17
36
0
67
32
7
65
50
57
22
37
35
0
39
15
4
2
18
30
0
0
0
19
9
2
0
0
28
2
0
0
0
0
0
10
51
42
0
0
0
0
0
24
46
5
7
8
47
7
13
57
17
28
46
45
70
23
38
53
59
48
63
0
0
0
26
0
0
0
12
0
0
0
0
31
0
11
0
0
11
3
2
14
13
0
44
2
9
36
0
0
0
0
13
75
29
21
0
48
61
37
43
12
56
42
58
37
62
39
0
18
0
0
0
0
31
7
0
0
0
0
0
6
0
0
0
0
4
0
0
5
0
0
2
35
3
0
40
0
15
7
38
0
65
8
23
32
32
43
47
45
69
58
67
53
73
38
10
0
9
0
0
0
0
7
2
0
0
0
0
26
1
9
4
0
20
39
49
0
0
0
8
2
29
35
0
0
0
0
44
0
27
46
53
31
34
24
40
18
58
84
50
46
51
54
46
12
22
0
0
0
2
