Desktop Folder:soc9/9:D02M088C05   9 Sep 2000
336
30
0000
 -501
 -501
 -501
 -501
 -501
 -501
 -501
 -501
 -501
 -501
 -501
 -501
 -501
 -501
 -501
 -501
 -501
 -501
 -501
 -501
 -501
 -501
 -501
 -501
 -501
 -501
 -501
 -501
 -501
 -501
 -501
 -501
 -501
 -501
 -501
 -241
15
69
24
11
15
0
0
16
0
0
0
0
0
18
36
0
0
0
0
0
0
0
0
0
0
26
4
4
0
18
0
0
8
17
0
0
56
2
0
5
32
26
41
23
17
3
38
55
48
112
36
40
55
27
13
9
0
0
0
0
0
0
0
17
3
0
0
0
0
0
0
2
0
0
3
19
0
37
0
0
22
35
0
0
0
0
39
25
0
38
32
21
17
49
48
36
37
24
36
38
24
0
14
0
0
0
0
0
0
0
0
0
0
0
0
0
0
0
0
0
2
0
0
0
0
22
0
30
20
0
27
27
2
4
0
0
21
103
8
16
34
26
6
11
25
30
9
16
16
2
0
0
0
0
0
0
0
0
0
0
0
0
0
0
0
0
0
0
0
0
0
0
30
4
0
0
26
8
38
0
0
0
0
2
20
25
0
11
22
10
12
25
15
21
14
1
17
2
0
0
0
0
5
1
0
0
0
0
0
0
0
0
0
0
0
0
0
0
0
6
12
1
0
9
0
8
0
16
7
4
0
23
7
9
24
9
10
13
13
8
14
19
8
16
13
7
8
0
0
0
0
0
0
0
5
0
0
0
0
0
0
0
6
0
0
0
0
10
15
4
3
0
0
0
0
0
0
7
18
4
0
0
0
20
9
30
45
16
55
23
8
25
5
6
8
0
0
17
0
0
