Desktop Folder:soc9/9:D02M089C07   9 Sep 2000
336
30
0000
 -501
 -501
 -501
 -501
 -501
 -501
 -501
 -501
 -501
 -501
 -501
 -501
 -501
 -501
 -501
 -501
 -501
 -501
 -501
 -501
 -501
 -501
 -501
 -501
 -501
 -501
 -501
 -501
 -501
 -501
 -501
 -501
 -501
 -501
 -501
 -241
0
0
0
0
1
18
29
0
0
0
0
0
0
0
0
0
20
83
1
0
0
0
0
4
55
2
0
0
32
11
0
0
19
12
0
25
0
33
8
0
19
16
39
29
28
31
19
25
31
29
15
1
4
2
0
7
36
28
5
0
8
0
0
108
0
6
19
0
18
0
3
0
4
7
12
0
34
0
0
9
0
27
31
4
17
11
34
38
58
29
56
49
122
39
22
92
38
38
48
2
10
4
2
7
0
21
0
0
0
0
0
10
0
16
31
24
32
28
0
11
56
0
0
0
0
0
0
19
0
27
7
12
30
14
14
10
16
77
5
72
85
83
58
54
58
4
0
0
0
0
0
0
0
18
0
9
12
0
0
0
1
0
12
0
1
7
0
0
9
11
2
0
5
1
0
0
10
0
9
26
2
3
10
6
51
44
52
18
17
30
35
6
14
10
0
0
0
0
0
3
1
0
0
0
5
0
0
0
4
0
0
0
19
0
0
4
3
6
17
0
0
0
0
15
0
0
23
14
25
12
0
0
11
31
26
22
6
20
19
0
0
0
0
0
0
0
0
0
0
29
0
19
0
0
0
0
0
0
0
0
23
10
9
0
7
0
0
0
1
24
0
0
16
0
22
0
4
3
9
0
15
23
43
19
19
10
0
0
0
10
0
0
0
0
7
16
0
0
3
0
