Desktop Folder:soc9/9:D02M088C29   9 Sep 2000
336
30
0000
 -501
 -501
 -501
 -501
 -501
 -501
 -501
 -501
 -501
 -501
 -501
 -501
 -501
 -501
 -501
 -501
 -501
 -501
 -501
 -501
 -501
 -501
 -501
 -501
 -501
 -501
 -501
 -501
 -501
 -501
 -501
 -501
 -501
 -501
 -501
 -241
0
0
0
1
1
0
8
47
0
0
0
0
7
6
21
0
0
5
0
24
78
0
3
0
0
10
0
8
20
65
5
14
2
2
18
45
13
22
28
19
34
46
40
20
48
48
68
60
55
13
7
2
4
0
0
0
0
0
5
0
0
10
0
0
0
23
1
37
11
19
62
11
12
0
35
13
0
38
14
0
17
5
0
8
0
2
13
18
0
8
21
20
33
30
30
22
9
7
22
0
0
0
0
0
0
0
20
2
26
0
4
1
0
3
14
21
5
28
8
13
18
0
0
0
0
0
17
0
0
0
0
12
1
0
34
12
5
9
1
12
0
9
7
14
10
1
0
15
12
0
0
0
0
0
0
0
11
10
0
0
0
0
13
6
0
25
1
0
0
14
9
0
0
0
0
0
24
8
0
4
7
3
0
9
9
4
24
1
4
23
21
2
0
0
0
0
0
5
0
19
0
4
14
0
0
0
0
0
0
30
1
12
0
13
8
48
0
0
0
4
26
0
26
1
1
0
0
2
22
0
16
4
7
0
0
0
32
6
12
0
0
20
0
0
0
0
0
1
0
37
0
0
0
1
5
0
0
0
2
0
4
32
5
0
9
3
0
0
6
0
0
15
0
0
21
0
0
0
0
0
0
5
23
0
5
8
5
10
14
2
5
2
2
1
1
9
4
1
0
0
