Desktop Folder:soc9/9:D02M092C16   9 Sep 2000
336
30
0000
 -501
 -501
 -501
 -501
 -501
 -501
 -501
 -501
 -501
 -501
 -501
 -501
 -501
 -501
 -501
 -501
 -501
 -501
 -501
 -501
 -501
 -501
 -501
 -501
 -501
 -501
 -501
 -501
 -501
 -501
 -501
 -501
 -501
 -501
 -501
 -241
0
0
10
0
0
0
53
60
0
0
0
0
0
0
28
49
0
0
0
0
0
0
69
29
0
1
26
28
0
0
0
22
21
3
0
0
51
26
0
0
19
85
0
0
67
0
48
17
26
0
51
0
64
25
35
0
0
0
0
0
61
0
0
0
0
3
6
0
25
0
0
0
0
0
0
37
0
0
0
0
48
32
3
3
4
63
0
0
32
15
0
46
7
29
26
2
21
42
26
0
30
0
29
0
12
0
0
0
0
0
0
0
0
0
0
0
23
0
0
47
23
0
0
0
0
0
0
0
0
46
20
0
0
0
0
0
53
20
15
40
14
31
8
30
10
51
34
22
26
15
0
25
0
0
0
0
0
0
0
20
4
0
0
0
0
0
0
0
0
0
0
45
0
0
0
19
3
0
7
4
2
6
4
3
29
73
6
43
37
18
39
7
31
32
12
24
32
32
27
0
19
0
0
0
0
0
0
0
0
3
2
0
0
1
0
1
0
1
0
33
0
0
0
0
35
8
2
4
32
0
20
20
0
0
23
32
0
20
2
30
23
44
29
39
50
20
19
18
5
0
0
0
0
0
0
0
0
0
2
0
3
0
0
0
0
4
28
0
0
0
0
27
14
7
0
0
21
0
34
0
0
0
9
41
0
0
5
37
40
32
17
20
38
0
0
19
0
0
0
3
