Desktop Folder:soc9/9:D02M088C10   9 Sep 2000
336
30
0000
 -501
 -501
 -501
 -501
 -501
 -501
 -501
 -501
 -501
 -501
 -501
 -501
 -501
 -501
 -501
 -501
 -501
 -501
 -501
 -501
 -501
 -501
 -501
 -501
 -501
 -501
 -501
 -501
 -501
 -501
 -501
 -501
 -501
 -501
 -501
 -241
18
124
40
41
0
9
76
27
49
0
0
0
0
106
1
0
0
0
0
3
67
9
35
2
0
19
37
73
0
0
0
3
75
23
44
0
0
1
62
54
15
0
34
55
67
15
74
55
70
60
15
36
8
98
19
23
0
31
0
0
73
39
0
0
0
0
18
27
0
0
0
0
0
0
28
0
0
22
35
0
40
0
0
0
0
38
83
0
41
0
55
61
59
48
47
75
62
48
0
44
0
46
2
22
27
0
0
0
0
0
0
0
12
4
1
10
0
7
29
33
5
0
0
0
5
41
0
0
0
0
17
51
0
0
16
60
66
24
31
56
86
44
0
41
69
36
41
51
29
66
0
65
12
0
0
0
39
0
0
0
0
0
0
4
12
33
0
27
45
4
0
0
0
0
61
13
0
17
66
29
66
71
13
6
33
20
80
94
48
57
73
47
51
29
33
0
40
8
0
23
3
0
0
0
0
0
0
0
0
64
0
0
0
0
0
24
61
16
0
0
0
0
72
2
0
16
41
46
60
60
37
29
61
62
52
29
1
59
11
41
51
0
36
0
33
25
0
6
42
0
0
36
9
24
3
0
8
82
57
16
0
0
0
0
0
13
46
0
0
0
40
43
58
15
0
67
30
0
23
42
25
32
35
44
44
31
71
62
15
37
52
75
1
0
53
17
16
3
12
0
