Desktop Folder:soc9/9:D02M088C24   9 Sep 2000
336
30
0000
 -501
 -501
 -501
 -501
 -501
 -501
 -501
 -501
 -501
 -501
 -501
 -501
 -501
 -501
 -501
 -501
 -501
 -501
 -501
 -501
 -501
 -501
 -501
 -501
 -501
 -501
 -501
 -501
 -501
 -501
 -501
 -501
 -501
 -501
 -501
 -241
0
5
0
0
9
7
35
2
0
25
19
2
0
0
0
9
39
5
2
35
35
24
16
6
0
0
0
7
34
0
11
38
0
16
12
8
19
7
8
12
23
17
24
6
20
17
19
11
10
0
11
3
15
12
23
19
8
12
5
10
1
9
2
9
11
31
1
10
12
6
22
0
33
0
0
1
0
0
25
1
5
8
65
19
5
32
37
10
17
26
27
60
46
97
45
59
26
12
13
0
0
43
4
8
6
8
0
0
27
29
7
0
0
0
14
43
7
0
0
0
12
17
0
0
0
4
11
22
20
28
2
12
16
6
58
37
10
25
19
13
13
30
36
21
28
31
14
3
0
0
36
0
0
0
4
11
0
22
4
1
7
6
26
6
0
13
0
0
0
21
8
38
0
55
53
0
0
0
8
14
9
44
14
25
28
11
17
28
3
20
23
17
2
13
15
20
0
0
23
3
0
0
16
2
0
0
8
29
3
0
1
7
0
0
0
0
0
0
0
0
13
23
1
1
1
8
0
29
12
0
8
5
15
28
10
30
10
39
18
29
10
0
0
0
11
9
7
12
8
0
1
0
0
0
0
7
0
17
29
3
0
0
0
0
0
0
1
0
0
0
0
5
14
11
0
0
2
7
24
68
56
5
37
31
13
8
54
11
7
4
8
0
0
0
0
0
0
0
0
0
