Desktop Folder:soc9/9:D02M092C02   9 Sep 2000
336
30
0000
 -501
 -501
 -501
 -501
 -501
 -501
 -501
 -501
 -501
 -501
 -501
 -501
 -501
 -501
 -501
 -501
 -501
 -501
 -501
 -501
 -501
 -501
 -501
 -501
 -501
 -501
 -501
 -501
 -501
 -501
 -501
 -501
 -501
 -501
 -501
 -241
71
20
66
69
1
58
76
83
66
2
0
0
4
0
1
67
39
0
0
0
0
0
64
15
0
0
0
42
0
0
0
0
0
0
0
63
68
0
21
17
11
83
6
0
0
73
65
3
69
17
78
25
62
67
50
63
63
36
23
15
0
0
37
0
0
1
0
19
9
3
1
0
1
0
0
2
50
13
0
0
5
0
64
18
0
0
21
9
0
15
74
3
78
22
27
64
26
38
70
76
79
78
65
71
38
42
31
1
39
0
0
18
0
0
0
39
0
0
0
0
0
0
0
0
0
0
26
34
0
7
30
3
33
30
0
0
3
89
14
0
27
57
0
44
35
61
43
62
52
63
61
64
82
67
74
56
15
2
25
0
1
37
2
16
0
0
0
0
2
3
4
11
0
43
34
0
0
0
24
39
0
21
23
0
43
17
0
10
45
24
66
43
59
52
41
61
52
52
59
70
71
71
59
65
57
20
0
32
0
0
0
14
0
0
0
0
0
14
6
0
5
30
24
22
32
27
0
3
37
6
34
4
22
36
16
33
4
52
54
34
30
56
41
53
58
59
65
60
64
59
70
60
55
59
25
23
0
0
0
0
0
0
0
0
15
21
21
43
0
10
18
0
39
34
15
14
19
14
6
0
0
0
19
25
18
45
16
17
34
37
54
52
54
49
55
52
59
64
63
63
