Desktop Folder:soc9/9:D02M091C15   9 Sep 2000
336
30
0000
 -501
 -501
 -501
 -501
 -501
 -501
 -501
 -501
 -501
 -501
 -501
 -501
 -501
 -501
 -501
 -501
 -501
 -501
 -501
 -501
 -501
 -501
 -501
 -501
 -501
 -501
 -501
 -501
 -501
 -501
 -501
 -501
 -501
 -501
 -501
 -241
0
0
0
0
0
69
19
2
6
2
0
10
7
49
54
40
114
83
19
78
55
0
0
58
35
0
0
8
66
12
0
0
11
69
14
28
57
2
24
37
31
18
40
144
66
91
171
0
0
0
0
0
0
0
36
61
99
0
0
14
1
2
21
131
55
66
4
0
0
19
79
58
41
13
45
14
93
96
63
31
56
17
59
94
40
42
51
56
57
87
67
83
68
61
55
59
89
84
46
8
0
11
13
0
0
0
22
11
0
0
0
14
50
86
73
42
16
0
39
12
11
13
42
29
36
58
1
56
122
119
50
48
101
146
109
26
88
67
104
46
66
60
72
37
49
54
4
1
2
0
5
14
52
17
0
21
91
14
9
13
128
35
27
9
0
13
35
0
17
23
16
23
100
2
26
38
6
41
12
48
35
22
38
45
128
25
33
43
62
32
31
17
0
0
0
0
0
0
17
37
0
0
0
0
0
55
16
10
29
31
0
39
6
0
8
0
3
26
17
20
8
49
83
52
32
59
18
10
57
67
72
36
32
67
56
102
0
0
0
0
18
0
5
6
0
0
0
0
12
0
0
47
47
14
13
30
36
19
0
13
21
24
0
0
0
0
0
21
27
13
34
21
50
11
0
27
63
41
112
34
45
26
30
11
0
0
0
0
0
0
19
25
25
10
0
0
0
0
0
0
