Desktop Folder:soc9/9:D02M089C11   9 Sep 2000
336
30
0000
 -501
 -501
 -501
 -501
 -501
 -501
 -501
 -501
 -501
 -501
 -501
 -501
 -501
 -501
 -501
 -501
 -501
 -501
 -501
 -501
 -501
 -501
 -501
 -501
 -501
 -501
 -501
 -501
 -501
 -501
 -501
 -501
 -501
 -501
 -501
 -241
29
36
7
74
70
72
81
27
21
4
19
41
0
0
2
0
0
32
0
23
22
0
0
0
0
0
86
20
0
0
0
0
2
73
0
27
2
30
7
85
56
6
0
0
14
54
52
32
41
14
36
24
23
21
30
8
0
0
6
0
0
0
0
0
2
0
0
0
0
0
0
0
0
6
0
0
20
0
14
10
19
0
53
19
0
12
51
2
23
1
53
35
51
29
18
42
23
33
17
0
2
0
2
0
0
0
0
8
0
0
0
0
6
0
0
0
0
2
0
0
0
4
0
3
10
0
4
0
3
0
18
36
0
0
0
0
11
68
10
2
34
22
27
11
19
6
8
0
0
0
0
3
0
2
0
0
0
0
0
0
0
0
6
0
0
0
0
0
0
7
5
1
8
34
0
0
0
0
12
17
0
23
0
26
1
0
23
6
36
15
20
2
15
10
0
2
1
2
0
0
0
2
5
0
0
2
0
0
0
0
0
0
2
0
13
0
0
0
0
0
9
3
0
12
24
0
0
0
8
14
0
27
32
6
30
19
4
7
3
9
18
11
0
0
0
3
0
0
0
0
0
0
4
0
0
0
4
0
0
3
5
4
0
21
0
0
0
3
59
0
0
10
27
0
10
0
6
11
6
15
14
6
14
4
13
12
6
4
3
0
2
0
0
0
12
0
0
0
0
0
