Desktop Folder:soc9/9:D02M088C22   9 Sep 2000
336
30
0000
 -501
 -501
 -501
 -501
 -501
 -501
 -501
 -501
 -501
 -501
 -501
 -501
 -501
 -501
 -501
 -501
 -501
 -501
 -501
 -501
 -501
 -501
 -501
 -501
 -501
 -501
 -501
 -501
 -501
 -501
 -501
 -501
 -501
 -501
 -501
 -241
26
0
0
1
36
6
0
50
44
0
0
0
10
36
0
0
18
0
0
4
4
116
1
19
90
5
0
0
19
42
14
0
10
113
0
2
6
55
8
46
39
27
90
97
96
79
16
0
2
15
11
0
0
0
32
5
0
0
21
1
0
17
5
0
6
0
6
36
1
23
0
0
21
16
6
46
63
11
3
27
0
81
67
30
57
0
21
33
21
27
112
53
67
72
39
2
7
10
0
0
0
22
14
28
0
50
20
0
0
0
0
0
0
17
11
6
56
48
0
0
10
12
0
7
0
0
23
1
0
0
47
9
23
13
18
11
21
21
29
33
60
49
40
39
12
0
0
0
0
0
10
37
25
1
6
11
9
0
4
10
8
0
132
94
60
13
0
4
16
97
12
41
24
3
0
0
0
5
1
4
9
9
0
0
3
18
32
48
21
31
10
8
6
0
0
0
0
2
1
0
0
0
0
0
24
6
7
0
24
15
86
4
0
10
2
0
0
5
0
0
0
0
21
158
25
38
13
0
0
18
28
60
3
19
24
14
0
2
22
0
0
0
0
0
0
38
8
13
0
0
0
2
0
0
0
0
28
0
0
0
0
0
18
4
0
0
3
131
5
0
0
12
4
4
0
0
2
13
0
0
24
10
42
26
32
42
27
12
0
0
0
0
0
1
5
0
10
0
0
0
