Desktop Folder:soc9/9:D02M091C13   9 Sep 2000
336
30
0000
 -501
 -501
 -501
 -501
 -501
 -501
 -501
 -501
 -501
 -501
 -501
 -501
 -501
 -501
 -501
 -501
 -501
 -501
 -501
 -501
 -501
 -501
 -501
 -501
 -501
 -501
 -501
 -501
 -501
 -501
 -501
 -501
 -501
 -501
 -501
 -241
6
0
0
0
0
0
0
0
0
8
77
50
0
0
0
0
0
0
0
7
37
0
0
0
2
30
0
0
0
17
0
4
31
21
69
10
0
39
27
52
9
46
10
28
70
55
29
19
32
12
0
0
0
0
7
8
0
0
16
10
0
0
0
0
0
0
0
37
13
0
0
9
24
8
0
0
0
19
36
0
9
3
23
7
31
0
14
23
21
36
11
32
33
34
42
42
24
26
0
0
0
0
12
2
0
0
0
23
22
0
0
0
0
0
0
0
6
15
20
17
2
18
63
0
0
0
22
29
32
36
41
32
8
15
10
6
36
69
39
24
47
33
40
31
16
0
0
0
0
0
14
0
0
0
0
0
0
0
0
0
0
7
64
25
0
13
0
2
23
18
45
15
7
0
0
0
37
59
44
0
15
63
0
0
21
95
36
34
32
22
21
18
25
67
6
0
0
0
0
0
6
0
0
0
0
0
0
0
0
0
2
5
0
5
5
17
5
7
0
7
0
30
6
16
3
0
0
34
135
66
29
41
0
17
81
49
48
106
29
22
0
1
0
0
13
15
0
0
0
0
0
0
0
0
0
8
0
15
0
0
7
16
22
0
0
69
0
15
8
0
0
0
23
0
30
3
25
44
17
25
94
21
0
22
70
37
35
51
31
21
0
0
0
5
28
4
0
6
6
40
