Desktop Folder:soc9/9:D02M091C08   9 Sep 2000
336
30
0000
 -501
 -501
 -501
 -501
 -501
 -501
 -501
 -501
 -501
 -501
 -501
 -501
 -501
 -501
 -501
 -501
 -501
 -501
 -501
 -501
 -501
 -501
 -501
 -501
 -501
 -501
 -501
 -501
 -501
 -501
 -501
 -501
 -501
 -501
 -501
 -241
1
0
0
3
0
10
73
87
10
0
9
74
68
7
0
1
11
109
17
2
4
0
20
57
0
0
0
23
53
0
8
17
0
27
61
36
12
34
5
19
37
22
24
38
74
42
43
38
21
8
11
32
6
0
45
12
1
39
0
5
23
12
0
0
0
0
0
0
12
55
4
0
15
43
36
7
47
52
60
82
35
71
42
14
23
51
5
1
16
25
2
27
56
35
34
64
42
28
5
8
0
4
0
2
10
0
0
0
38
0
0
10
0
0
0
0
46
0
22
5
21
53
15
9
38
6
0
1
1
12
16
7
17
2
11
11
9
11
72
46
16
28
28
9
5
25
28
13
15
9
0
0
0
24
9
0
0
0
0
0
0
14
0
18
0
8
0
23
12
22
16
1
1
6
5
6
24
17
1
10
19
4
6
5
7
16
63
12
17
45
9
6
0
0
0
0
51
18
8
4
16
3
0
0
0
0
4
2
14
0
0
0
12
0
17
10
0
0
0
0
19
0
9
6
5
20
10
6
0
0
22
10
21
10
26
35
10
4
60
4
0
18
16
7
9
59
11
24
20
0
13
3
0
11
0
0
12
0
11
21
51
0
0
24
39
27
11
2
0
17
15
10
28
0
23
4
7
18
4
0
14
24
28
24
36
18
1
11
36
14
3
3
11
6
5
2
1
0
6
2
