Desktop Folder:soc9/9:D02M089C26   9 Sep 2000
336
30
0000
 -501
 -501
 -501
 -501
 -501
 -501
 -501
 -501
 -501
 -501
 -501
 -501
 -501
 -501
 -501
 -501
 -501
 -501
 -501
 -501
 -501
 -501
 -501
 -501
 -501
 -501
 -501
 -501
 -501
 -501
 -501
 -501
 -501
 -501
 -501
 -241
62
64
49
0
0
1
0
14
3
0
12
18
1
0
0
0
0
0
0
0
5
49
8
11
0
0
0
0
1
6
0
15
5
6
0
0
8
14
31
1
29
17
30
3
16
8
1
1
1
0
2
0
6
1
0
0
1
1
0
0
0
0
2
3
0
0
0
0
1
0
0
3
8
0
1
6
36
19
0
16
0
4
23
0
0
39
0
8
0
4
73
1
29
2
10
8
0
16
3
0
0
2
15
0
0
0
33
0
0
7
0
0
0
30
0
0
0
0
5
8
0
2
6
5
0
0
2
0
4
21
0
0
30
0
34
0
3
3
23
18
16
0
13
16
18
29
0
5
0
0
0
0
1
20
7
1
0
24
0
0
0
0
0
20
15
30
0
0
18
0
0
1
4
12
0
0
0
8
0
10
13
1
22
0
16
0
14
7
7
6
10
0
15
1
0
0
26
0
33
14
6
0
0
0
0
0
8
17
0
38
0
0
1
5
12
0
7
0
0
15
0
0
28
0
10
0
0
0
75
0
20
21
13
0
0
23
7
0
0
22
38
2
1
3
0
0
11
0
0
0
0
1
23
0
0
11
7
0
0
16
21
0
0
0
0
6
25
14
39
0
0
2
0
18
11
3
23
0
7
8
14
45
12
22
0
0
61
45
3
54
8
0
35
0
1
16
0
0
0
0
