Desktop Folder:soc9/9:D02M091C18   9 Sep 2000
336
30
0000
 -501
 -501
 -501
 -501
 -501
 -501
 -501
 -501
 -501
 -501
 -501
 -501
 -501
 -501
 -501
 -501
 -501
 -501
 -501
 -501
 -501
 -501
 -501
 -501
 -501
 -501
 -501
 -501
 -501
 -501
 -501
 -501
 -501
 -501
 -501
 -241
1
0
0
0
0
0
0
0
0
0
0
0
80
30
0
0
0
0
0
0
26
7
0
0
0
0
0
0
13
0
0
0
0
0
0
67
0
39
0
0
6
0
34
24
38
55
83
49
98
23
2
13
0
0
2
0
0
0
0
0
0
0
0
0
0
69
37
0
0
0
0
17
51
11
0
0
0
0
29
69
9
41
0
45
8
27
22
55
33
26
44
68
19
72
34
30
48
58
51
19
10
36
10
0
16
0
8
0
0
1
0
2
0
0
17
6
8
0
0
13
21
26
7
3
9
1
5
0
0
50
0
9
10
13
26
48
24
43
10
40
25
21
52
61
18
36
23
0
6
0
0
2
0
10
13
1
0
0
0
13
2
26
8
0
0
6
8
0
0
0
0
0
0
0
0
0
13
0
19
15
17
0
10
4
9
22
15
14
24
6
16
6
18
4
6
0
0
0
0
0
0
0
0
0
0
0
0
16
0
10
10
4
1
0
0
0
2
15
0
0
0
0
0
0
0
13
2
4
6
5
13
7
0
6
4
13
20
4
20
5
14
0
0
0
0
0
0
0
0
0
0
0
0
0
40
0
0
0
5
0
8
6
8
0
1
0
0
0
0
0
0
0
0
0
0
14
10
18
0
17
15
25
32
29
20
15
19
11
10
34
30
23
29
1
0
15
4
0
0
0
