Desktop Folder:soc9/9:D02M088C17   9 Sep 2000
336
30
0000
 -501
 -501
 -501
 -501
 -501
 -501
 -501
 -501
 -501
 -501
 -501
 -501
 -501
 -501
 -501
 -501
 -501
 -501
 -501
 -501
 -501
 -501
 -501
 -501
 -501
 -501
 -501
 -501
 -501
 -501
 -501
 -501
 -501
 -501
 -501
 -241
0
0
0
11
0
43
0
0
0
60
11
0
0
9
33
0
0
36
13
0
22
18
55
36
21
15
88
3
20
55
22
32
10
34
16
24
56
7
28
40
40
48
74
29
36
54
14
0
0
0
6
0
0
10
16
17
18
24
19
24
8
0
0
6
3
0
0
0
35
6
21
0
0
40
25
34
0
24
44
13
56
17
32
41
32
50
41
19
29
41
28
55
44
22
14
25
15
0
9
16
0
0
0
0
0
0
4
5
9
0
0
27
13
0
4
37
3
0
19
0
14
0
0
38
5
0
14
0
46
11
20
17
6
36
56
34
30
43
36
8
29
26
18
12
0
0
18
0
2
31
0
0
2
0
0
0
0
0
23
18
2
20
4
14
4
0
22
3
15
0
0
16
5
19
47
0
0
18
0
0
14
26
28
15
0
0
4
29
78
18
11
6
0
0
0
0
0
0
0
5
0
0
12
8
0
3
39
7
0
0
0
0
0
5
17
16
5
9
0
21
17
14
18
23
0
0
0
12
27
28
39
39
40
4
37
0
14
11
0
12
0
0
0
0
0
0
0
0
5
10
0
3
12
10
10
29
6
4
24
9
16
13
15
14
15
14
31
31
26
25
26
42
27
28
29
25
32
25
36
28
29
11
2
0
0
0
0
0
0
0
0
0
0
0
0
0
0
0
0
0
