Desktop Folder:soc9/9:D02M089C01   9 Sep 2000
336
30
0000
 -501
 -501
 -501
 -501
 -501
 -501
 -501
 -501
 -501
 -501
 -501
 -501
 -501
 -501
 -501
 -501
 -501
 -501
 -501
 -501
 -501
 -501
 -501
 -501
 -501
 -501
 -501
 -501
 -501
 -501
 -501
 -501
 -501
 -501
 -501
 -241
17
2
2
25
14
9
2
0
1
28
25
16
12
8
0
0
0
0
0
0
0
1
21
33
10
1
3
0
0
31
28
26
1
0
20
1
5
1
5
0
32
12
9
17
1
18
0
0
0
0
0
0
0
0
12
12
0
0
0
0
7
0
0
0
17
19
1
0
18
23
3
0
0
22
25
0
0
4
0
0
0
0
61
43
41
0
13
4
42
13
11
0
15
18
0
0
0
2
0
5
2
12
0
0
0
0
0
0
0
7
5
0
0
0
0
0
0
0
8
5
1
0
13
3
0
0
0
3
10
0
0
3
0
0
5
11
37
16
0
0
9
5
4
0
0
0
0
0
0
0
7
0
0
0
0
0
0
0
0
5
0
0
0
9
4
0
0
2
10
0
0
1
0
0
0
1
8
0
0
0
0
0
7
2
0
0
4
0
9
1
0
0
0
0
4
4
0
0
0
0
0
0
0
0
0
0
0
0
0
0
3
0
0
0
0
3
39
6
0
10
0
18
0
15
1
0
0
7
0
0
0
0
0
4
0
15
14
26
1
0
0
0
0
0
0
0
0
0
0
14
0
0
0
0
0
0
8
0
2
4
6
0
0
0
0
6
0
0
1
3
0
0
1
0
0
0
0
1
16
45
0
0
28
6
0
0
0
0
0
0
0
0
0
0
0
0
0
0
0
0
