Desktop Folder:soc9/9:D02M089C03   9 Sep 2000
336
30
0000
 -501
 -501
 -501
 -501
 -501
 -501
 -501
 -501
 -501
 -501
 -501
 -501
 -501
 -501
 -501
 -501
 -501
 -501
 -501
 -501
 -501
 -501
 -501
 -501
 -501
 -501
 -501
 -501
 -501
 -501
 -501
 -501
 -501
 -501
 -501
 -241
0
0
0
0
0
8
34
23
0
0
0
0
0
0
18
2
0
0
0
0
31
2
0
41
0
0
7
0
0
9
5
0
12
14
0
0
0
47
21
8
5
0
9
53
30
0
4
1
0
0
0
0
10
0
0
0
0
0
23
23
0
0
0
0
0
0
0
0
0
22
0
0
0
0
0
0
5
4
0
0
12
3
0
17
18
39
16
0
0
17
4
0
9
54
51
0
0
0
15
0
0
3
10
0
0
4
0
0
0
0
0
0
0
9
0
0
0
0
14
0
0
4
0
0
0
0
6
48
4
0
15
0
0
0
0
0
0
0
0
0
0
0
0
0
0
0
0
0
0
0
0
0
0
0
0
0
0
0
0
0
0
0
0
0
0
0
0
0
0
0
0
0
0
0
0
0
0
0
0
0
0
0
0
0
0
0
0
0
0
0
0
0
0
0
0
0
0
0
0
0
0
0
0
0
0
0
0
0
0
0
0
0
0
0
0
0
0
0
0
0
0
0
0
0
0
0
0
0
0
0
0
0
0
0
0
0
0
0
0
0
0
0
0
0
0
0
0
0
0
0
0
0
0
0
0
0
0
0
0
0
0
0
0
0
0
0
0
0
0
0
0
0
0
0
0
0
0
0
0
0
0
0
0
0
0
0
0
0
0
0
0
0
0
0
0
0
0
0
0
0
