Desktop Folder:soc9/9:D02M088C25   9 Sep 2000
336
30
0000
 -501
 -501
 -501
 -501
 -501
 -501
 -501
 -501
 -501
 -501
 -501
 -501
 -501
 -501
 -501
 -501
 -501
 -501
 -501
 -501
 -501
 -501
 -501
 -501
 -501
 -501
 -501
 -501
 -501
 -501
 -501
 -501
 -501
 -501
 -501
 -241
30
5
0
12
85
28
0
0
45
0
4
0
12
0
0
0
39
28
0
0
50
11
0
45
51
0
11
10
24
27
27
11
33
23
19
8
17
26
22
0
46
39
13
24
12
11
28
3
19
33
37
19
18
9
16
15
5
3
15
6
6
5
1
22
20
4
1
2
16
16
3
0
20
7
4
9
40
46
14
0
2
8
41
35
18
69
12
0
31
40
55
48
26
27
45
39
44
15
24
2
10
9
8
2
0
7
0
4
0
0
25
0
0
0
21
17
1
13
13
21
2
4
0
9
17
1
20
0
0
7
35
0
35
8
6
16
1
6
17
21
23
4
10
15
15
32
15
30
6
27
13
5
0
0
12
10
17
1
10
29
5
6
4
19
1
0
24
46
7
1
35
2
22
42
19
14
8
26
16
0
0
4
29
15
17
7
1
14
31
38
21
11
1
28
9
14
0
6
29
18
8
8
0
0
0
4
0
0
24
17
11
10
0
0
0
0
0
25
10
26
21
32
0
0
3
16
49
24
11
6
28
0
10
23
7
2
39
14
13
41
27
10
7
13
9
12
0
0
0
0
0
0
0
0
4
55
53
14
0
0
0
0
0
0
8
49
43
29
0
15
42
23
58
0
0
0
0
21
18
31
50
56
61
21
4
39
27
27
13
6
15
0
2
15
9
0
0
2
0
19
