Desktop Folder:soc9/9:D02M091C01   9 Sep 2000
336
30
0000
 -501
 -501
 -501
 -501
 -501
 -501
 -501
 -501
 -501
 -501
 -501
 -501
 -501
 -501
 -501
 -501
 -501
 -501
 -501
 -501
 -501
 -501
 -501
 -501
 -501
 -501
 -501
 -501
 -501
 -501
 -501
 -501
 -501
 -501
 -501
 -241
25
17
22
18
44
14
28
22
25
9
3
1
24
0
0
2
40
3
35
0
0
0
0
0
64
28
0
0
6
13
0
20
11
0
0
0
14
0
28
62
31
16
12
19
61
16
21
30
21
38
35
24
27
44
17
45
14
22
30
24
0
0
0
0
14
0
0
0
0
0
0
20
17
2
4
0
0
56
9
25
23
6
0
28
11
10
9
19
17
10
16
10
16
0
30
17
54
15
25
49
26
16
30
29
14
20
15
2
0
0
0
0
0
0
0
0
0
0
0
0
49
0
0
0
0
0
9
0
0
0
0
0
33
2
5
0
7
14
31
5
0
0
18
16
9
8
13
14
35
21
18
13
19
11
0
6
0
0
0
0
0
0
2
0
0
2
8
5
0
0
3
0
5
13
4
0
0
0
14
57
0
29
13
12
6
6
32
0
11
20
0
28
4
22
13
18
11
22
11
24
31
56
0
0
0
0
0
0
19
0
0
0
0
0
0
0
0
0
0
0
0
0
0
9
52
3
0
18
42
0
0
31
3
17
26
31
2
18
7
29
20
8
0
14
25
21
24
7
13
23
24
7
2
3
41
0
5
0
5
2
0
0
0
4
0
0
8
0
0
0
0
0
0
2
37
12
0
0
20
0
6
0
15
4
8
4
4
2
25
28
10
2
2
4
1
21
16
3
6
14
