Desktop Folder:soc9/9:D02M088C01   9 Sep 2000
336
30
0000
 -501
 -501
 -501
 -501
 -501
 -501
 -501
 -501
 -501
 -501
 -501
 -501
 -501
 -501
 -501
 -501
 -501
 -501
 -501
 -501
 -501
 -501
 -501
 -501
 -501
 -501
 -501
 -501
 -501
 -501
 -501
 -501
 -501
 -501
 -501
 -241
43
69
69
72
63
67
4
0
0
0
0
0
9
21
9
6
3
1
11
0
0
2
14
65
6
24
31
0
0
0
36
67
35
25
0
38
74
38
71
0
68
10
68
56
69
103
72
58
101
84
77
73
50
45
0
0
0
0
0
3
0
0
0
0
0
0
0
0
29
24
0
40
11
0
0
0
0
63
7
0
0
0
86
101
1
0
45
59
19
67
10
70
64
77
64
87
70
71
59
41
23
22
0
0
0
0
21
0
0
0
0
0
12
0
0
16
0
0
0
0
4
0
37
0
0
0
0
8
35
30
8
40
0
0
0
42
22
18
63
13
34
49
37
36
22
34
19
17
12
30
0
24
0
0
0
0
0
0
0
8
0
0
0
0
0
0
0
0
0
0
0
0
10
39
0
0
0
0
1
26
0
58
10
0
18
27
29
44
25
33
28
37
27
40
36
38
24
0
2
0
0
0
0
0
0
0
0
0
0
0
0
0
0
0
0
3
10
0
33
0
0
0
0
5
37
0
0
15
21
0
15
23
0
45
21
49
74
35
34
57
35
36
46
71
53
32
0
0
0
0
0
0
0
0
0
0
7
0
0
0
0
0
0
0
23
0
1
0
0
2
8
12
0
20
0
0
6
0
17
11
7
25
14
34
26
36
17
35
42
35
30
56
65
54
0
0
0
0
0
0
