Desktop Folder:soc9/9:D02M090C23   9 Sep 2000
336
30
0000
 -501
 -501
 -501
 -501
 -501
 -501
 -501
 -501
 -501
 -501
 -501
 -501
 -501
 -501
 -501
 -501
 -501
 -501
 -501
 -501
 -501
 -501
 -501
 -501
 -501
 -501
 -501
 -501
 -501
 -501
 -501
 -501
 -501
 -501
 -501
 -241
76
66
36
11
28
39
76
84
9
61
52
57
94
56
56
56
46
39
62
0
0
44
19
19
0
28
0
0
20
22
22
0
31
0
0
55
98
27
27
16
42
62
23
19
21
61
43
8
47
12
0
63
57
18
34
0
53
24
6
41
17
50
36
39
10
26
15
89
0
0
51
6
0
0
5
11
9
3
0
0
24
9
31
41
13
2
29
43
4
16
75
81
65
8
19
40
63
55
29
25
26
14
26
60
35
55
21
32
47
37
20
25
21
10
0
0
0
0
8
18
1
0
11
0
0
2
0
0
24
14
0
0
9
58
44
35
0
39
30
32
46
52
0
12
42
18
10
25
29
23
29
43
6
82
39
23
44
72
36
57
22
16
0
0
0
3
1
0
12
45
17
0
0
27
2
0
1
2
45
17
0
0
0
25
41
37
12
0
12
25
0
32
11
23
13
33
13
20
10
13
29
19
22
32
20
27
12
0
20
15
0
14
6
2
0
1
6
14
0
0
0
21
0
1
5
0
9
43
31
16
35
51
36
23
28
13
18
31
65
47
25
16
40
49
29
10
3
29
31
0
15
24
36
34
39
16
13
37
32
22
14
0
6
31
0
11
0
13
0
19
23
8
17
13
4
21
11
14
28
19
0
9
37
13
13
12
39
19
6
21
27
15
12
19
10
38
3
17
5
40
