Desktop Folder:soc9/9:D02M088C19   9 Sep 2000
336
30
0000
 -501
 -501
 -501
 -501
 -501
 -501
 -501
 -501
 -501
 -501
 -501
 -501
 -501
 -501
 -501
 -501
 -501
 -501
 -501
 -501
 -501
 -501
 -501
 -501
 -501
 -501
 -501
 -501
 -501
 -501
 -501
 -501
 -501
 -501
 -501
 -241
5
0
0
0
0
0
0
0
0
0
0
0
0
0
0
0
0
2
0
0
0
12
54
3
0
0
0
35
6
60
4
9
43
17
11
0
18
32
14
29
19
29
29
10
16
7
26
0
9
1
10
0
0
5
0
0
3
5
6
67
1
0
1
12
15
1
0
0
0
0
12
13
0
0
106
5
0
33
2
34
111
0
12
6
12
9
11
0
6
69
81
54
49
83
34
74
34
8
2
0
4
0
6
5
1
0
8
0
0
0
0
0
0
0
0
0
10
0
5
34
2
0
4
8
0
1
0
0
0
4
3
11
0
8
17
9
11
10
4
11
17
10
15
47
0
8
2
16
7
4
8
22
87
0
0
0
0
7
0
0
0
0
14
0
0
0
23
0
0
0
0
17
0
10
0
29
4
0
5
1
25
13
3
7
6
7
12
2
31
15
7
5
13
2
2
4
0
1
0
0
0
3
11
0
0
0
0
0
0
0
0
9
1
0
5
0
1
11
0
0
0
0
18
12
7
2
14
0
18
3
0
0
4
4
28
23
21
18
23
10
14
7
0
0
0
0
12
0
12
0
0
0
0
3
4
0
5
0
0
0
19
4
0
20
0
0
0
8
0
11
4
0
16
10
1
13
2
5
4
16
9
0
15
13
14
0
0
0
0
10
0
0
0
0
8
10
0
12
0
0
