Desktop Folder:soc9/9:D02M089C32   9 Sep 2000
336
30
0000
 -501
 -501
 -501
 -501
 -501
 -501
 -501
 -501
 -501
 -501
 -501
 -501
 -501
 -501
 -501
 -501
 -501
 -501
 -501
 -501
 -501
 -501
 -501
 -501
 -501
 -501
 -501
 -501
 -501
 -501
 -501
 -501
 -501
 -501
 -501
 -241
7
72
0
0
0
9
9
0
15
0
0
0
41
0
0
0
2
10
0
32
50
38
0
0
0
0
15
58
11
0
0
0
0
39
47
9
0
54
26
23
41
40
61
48
30
74
25
8
74
99
48
52
76
10
0
0
0
0
0
0
7
0
4
0
0
0
0
0
0
1
68
0
0
0
0
0
42
27
0
38
52
0
31
0
47
31
79
36
58
45
57
64
49
46
37
43
27
17
0
11
0
0
0
0
0
0
0
0
0
0
0
0
0
0
0
0
30
33
6
1
0
0
4
0
0
62
0
0
0
0
22
1
33
43
14
15
39
6
35
23
59
53
42
27
35
24
13
16
0
5
0
0
0
0
0
0
0
2
0
0
0
0
0
48
0
0
20
0
0
0
0
0
32
5
2
0
11
0
10
31
0
20
0
22
3
51
43
24
18
44
32
16
11
21
1
0
0
2
0
0
0
0
0
0
0
5
0
0
0
0
1
0
0
0
8
0
0
14
22
0
0
15
0
0
0
0
0
0
35
15
9
0
26
17
11
19
27
14
18
10
21
14
19
0
5
0
0
0
0
0
0
0
0
23
0
0
0
7
30
3
0
0
0
44
22
0
0
0
3
22
6
0
0
0
0
0
7
19
5
0
30
17
0
27
11
30
30
15
29
14
16
22
23
9
8
3
0
0
0
7
