Desktop Folder:soc9/9:D02M090C13   9 Sep 2000
336
30
0000
 -501
 -501
 -501
 -501
 -501
 -501
 -501
 -501
 -501
 -501
 -501
 -501
 -501
 -501
 -501
 -501
 -501
 -501
 -501
 -501
 -501
 -501
 -501
 -501
 -501
 -501
 -501
 -501
 -501
 -501
 -501
 -501
 -501
 -501
 -501
 -241
30
73
10
85
0
0
34
95
88
8
0
0
0
26
84
14
54
0
0
11
60
26
0
0
0
0
0
0
0
0
0
0
24
70
67
76
29
0
14
44
45
0
47
35
0
46
51
54
79
61
55
66
61
57
71
55
5
0
0
0
18
18
49
17
0
0
0
0
0
35
20
3
0
0
23
28
26
8
16
33
0
20
48
13
2
3
46
14
0
0
0
51
70
89
89
20
63
66
39
68
59
88
78
40
81
57
10
0
0
37
0
33
8
0
1
36
15
51
16
6
5
7
13
24
30
31
7
16
13
45
26
0
16
6
2
42
0
21
26
24
40
43
32
42
51
52
39
44
47
50
55
45
0
33
0
10
35
18
8
0
17
43
31
0
0
0
0
0
0
0
0
0
6
25
28
38
20
12
32
19
70
0
1
0
17
57
41
27
75
64
0
58
70
73
88
58
53
62
133
40
4
0
63
0
0
39
19
0
0
0
19
13
0
23
27
32
22
0
0
0
14
26
40
20
17
8
25
40
38
11
0
11
21
7
75
11
25
61
59
43
66
22
68
52
72
46
68
36
0
0
0
0
0
5
7
14
40
0
30
0
0
0
0
0
19
3
0
29
19
0
0
0
0
22
23
11
0
0
34
7
44
64
0
50
45
35
67
62
38
63
0
64
79
47
59
26
0
0
0
0
