Desktop Folder:soc9/9:D02M089C23   9 Sep 2000
336
30
0000
 -501
 -501
 -501
 -501
 -501
 -501
 -501
 -501
 -501
 -501
 -501
 -501
 -501
 -501
 -501
 -501
 -501
 -501
 -501
 -501
 -501
 -501
 -501
 -501
 -501
 -501
 -501
 -501
 -501
 -501
 -501
 -501
 -501
 -501
 -501
 -241
0
0
0
0
12
210
1
60
2
1
0
0
0
39
5
7
2
0
0
0
0
7
0
7
10
19
0
0
118
13
66
3
1
3
26
23
31
35
1
19
23
25
0
43
28
61
29
22
0
1
49
0
0
0
0
9
2
0
0
0
0
0
11
13
0
0
0
0
0
22
17
1
3
47
15
0
0
19
1
0
0
0
12
23
10
0
0
24
22
58
0
45
28
21
28
32
91
32
3
85
0
0
0
0
14
17
0
8
0
11
0
0
0
1
0
0
0
18
2
41
29
0
5
0
0
43
53
3
0
75
24
13
19
56
45
12
0
35
10
43
30
45
10
63
23
21
17
12
33
0
0
0
0
0
0
11
43
0
0
0
0
18
4
0
0
18
2
0
0
5
42
10
0
0
8
58
0
7
30
11
0
60
45
0
5
20
48
79
25
81
94
40
25
7
26
0
0
0
0
0
0
0
0
0
39
3
0
0
0
2
45
21
10
0
4
25
11
64
0
3
6
5
0
0
14
6
1
0
14
10
28
0
2
70
29
1
9
7
13
9
36
37
22
9
0
0
0
0
0
0
0
4
5
22
4
0
0
0
19
0
0
7
8
17
14
0
22
26
0
12
0
0
9
0
15
0
0
14
10
19
44
22
12
0
17
0
7
3
14
14
28
0
16
0
0
12
0
0
0
0
