Desktop Folder:soc9/9:D02M089C04   9 Sep 2000
336
30
0000
 -501
 -501
 -501
 -501
 -501
 -501
 -501
 -501
 -501
 -501
 -501
 -501
 -501
 -501
 -501
 -501
 -501
 -501
 -501
 -501
 -501
 -501
 -501
 -501
 -501
 -501
 -501
 -501
 -501
 -501
 -501
 -501
 -501
 -501
 -501
 -241
0
0
0
0
0
0
1
0
0
0
0
0
0
0
0
0
20
34
7
0
0
0
30
47
1
0
0
0
0
39
8
0
6
22
0
15
18
40
28
15
28
34
43
40
41
40
34
52
35
25
21
10
0
1
6
0
0
0
0
0
0
0
0
0
0
41
0
20
3
18
0
15
0
21
0
26
28
8
15
18
5
0
14
47
63
0
53
72
33
32
53
46
92
41
52
37
23
55
37
0
0
2
0
39
6
14
38
15
12
0
8
4
28
4
20
20
0
0
8
22
21
10
6
12
0
0
22
0
0
0
21
14
13
0
0
39
8
54
49
39
50
40
34
41
29
30
18
2
0
0
0
4
0
0
0
0
0
5
0
3
18
40
22
1
20
4
0
0
0
0
0
9
17
0
20
55
9
3
0
0
0
6
17
33
42
43
53
52
43
82
66
40
40
53
26
8
23
0
1
0
8
11
0
0
0
0
0
5
23
12
21
28
0
0
0
0
0
0
7
3
0
21
18
0
11
17
30
2
0
0
6
34
34
30
31
44
34
44
45
41
35
41
21
0
0
0
0
0
0
21
0
0
0
25
14
0
0
24
10
20
13
22
2
13
49
13
4
3
0
0
4
0
9
4
6
0
17
0
0
9
24
39
45
23
54
27
49
6
20
25
33
6
0
0
0
0
0
8
0
4
