Desktop Folder:soc9/9:D02M090C28   9 Sep 2000
336
30
0000
 -501
 -501
 -501
 -501
 -501
 -501
 -501
 -501
 -501
 -501
 -501
 -501
 -501
 -501
 -501
 -501
 -501
 -501
 -501
 -501
 -501
 -501
 -501
 -501
 -501
 -501
 -501
 -501
 -501
 -501
 -501
 -501
 -501
 -501
 -501
 -241
8
15
18
55
47
38
40
37
25
37
45
22
29
4
0
0
0
1
0
0
0
0
0
0
0
0
33
10
0
0
0
0
0
8
0
0
63
12
10
2
56
5
0
0
0
0
0
0
34
17
59
8
59
28
31
72
39
75
15
25
0
0
0
0
0
0
0
0
4
0
0
0
0
0
0
0
12
0
0
0
0
31
43
25
0
0
0
0
0
0
0
0
0
29
26
0
0
28
29
27
39
16
50
27
10
11
28
0
2
9
0
22
0
0
8
0
0
0
0
15
0
3
2
20
0
0
0
0
0
0
41
24
0
0
36
0
0
0
22
7
6
43
39
62
54
60
54
53
68
55
72
52
57
70
71
55
71
68
84
82
87
95
87
96
93
81
52
16
5
0
0
0
0
0
0
0
0
0
0
0
0
0
0
0
0
0
0
0
0
0
0
0
0
0
0
0
0
0
0
0
0
0
0
0
0
0
0
0
0
0
0
0
0
0
0
0
0
0
0
0
0
0
0
0
0
0
0
0
0
0
0
0
0
0
0
0
0
0
0
0
0
0
0
0
0
0
0
0
0
0
0
0
0
0
0
0
0
0
0
0
0
0
0
0
0
0
0
0
0
0
0
0
0
0
0
0
0
0
0
0
0
0
0
0
0
0
0
0
0
0
0
0
0
0
0
0
0
0
0
0
