Desktop Folder:soc9/9:D02M090C25   9 Sep 2000
336
30
0000
 -501
 -501
 -501
 -501
 -501
 -501
 -501
 -501
 -501
 -501
 -501
 -501
 -501
 -501
 -501
 -501
 -501
 -501
 -501
 -501
 -501
 -501
 -501
 -501
 -501
 -501
 -501
 -501
 -501
 -501
 -501
 -501
 -501
 -501
 -501
 -241
44
32
46
33
40
42
39
35
28
38
36
8
0
22
27
0
0
11
10
37
0
0
0
0
0
0
21
9
0
6
14
0
30
44
33
10
3
42
36
30
10
20
47
40
19
8
23
31
35
29
36
38
31
31
34
30
28
22
16
11
7
5
2
24
2
0
7
0
0
0
0
0
15
4
2
1
51
47
29
25
30
3
24
27
17
13
37
31
33
34
17
17
32
30
29
39
26
21
30
30
32
10
24
24
24
31
21
22
16
4
2
0
3
11
0
0
0
0
0
0
0
0
2
30
26
29
33
25
16
14
16
17
22
14
20
2
0
6
6
22
30
8
15
28
12
15
15
6
6
4
22
20
8
19
18
10
20
11
8
0
0
0
5
0
0
2
8
0
0
0
0
18
11
0
16
18
0
16
0
24
17
18
8
14
7
22
21
12
18
10
5
12
8
0
22
15
8
9
2
10
9
2
2
0
4
0
0
12
8
0
0
0
0
0
2
0
0
0
25
20
10
0
7
0
12
0
0
8
21
10
12
16
12
0
17
6
10
3
24
16
0
0
0
7
4
12
7
0
19
6
3
4
0
42
15
8
0
3
12
6
2
0
0
10
12
7
4
0
0
0
31
8
3
8
31
5
4
14
6
7
16
18
6
4
7
33
15
6
2
31
19
0
9
4
0
11
8
11
4
5
