Desktop Folder:soc9/9:D02M090C05   9 Sep 2000
336
30
0000
 -501
 -501
 -501
 -501
 -501
 -501
 -501
 -501
 -501
 -501
 -501
 -501
 -501
 -501
 -501
 -501
 -501
 -501
 -501
 -501
 -501
 -501
 -501
 -501
 -501
 -501
 -501
 -501
 -501
 -501
 -501
 -501
 -501
 -501
 -501
 -241
17
0
0
0
0
56
28
5
5
0
0
0
0
12
0
0
88
13
0
0
29
78
18
7
0
2
31
39
0
0
61
18
0
0
27
0
19
56
8
1
30
19
21
44
64
61
58
38
8
33
41
21
37
62
48
28
20
37
15
4
2
31
4
0
0
34
16
12
2
0
0
0
13
24
32
34
39
36
2
19
47
8
54
0
46
22
13
54
46
32
45
44
88
40
50
33
36
40
11
0
0
0
0
0
1
10
0
28
42
0
0
0
0
0
0
0
0
0
0
0
0
0
5
57
34
21
2
3
0
0
0
79
81
13
18
14
8
19
40
21
0
0
0
0
0
0
0
0
2
69
46
20
6
2
0
0
0
0
0
0
0
91
14
1
0
0
0
0
0
0
13
36
28
7
6
2
0
0
2
6
25
19
19
11
17
43
28
40
7
57
10
0
0
37
9
2
12
3
0
4
3
2
0
0
45
67
31
28
32
20
27
24
2
0
14
47
6
0
2
0
0
3
3
0
0
0
51
70
43
34
19
21
14
25
87
43
19
20
31
33
9
18
2
0
0
0
0
0
0
0
0
2
24
0
76
96
46
0
0
23
20
19
18
6
3
26
0
14
0
3
22
43
44
25
31
52
15
4
3
41
85
35
39
49
35
16
0
0
21
2
0
13
0
2
0
0
1
38
42
89
