Desktop Folder:soc9/9:D02M091C17   9 Sep 2000
336
30
0000
 -501
 -501
 -501
 -501
 -501
 -501
 -501
 -501
 -501
 -501
 -501
 -501
 -501
 -501
 -501
 -501
 -501
 -501
 -501
 -501
 -501
 -501
 -501
 -501
 -501
 -501
 -501
 -501
 -501
 -501
 -501
 -501
 -501
 -501
 -501
 -241
70
12
0
4
4
1
3
4
7
6
0
1
3
1
1
25
22
0
0
143
82
14
0
0
0
0
0
0
0
0
0
1
51
0
43
32
64
28
43
5
14
46
2
67
39
12
107
29
46
65
30
0
0
0
0
0
0
0
0
75
95
9
9
0
54
26
19
15
38
0
0
0
34
14
1
23
51
27
15
31
23
0
22
26
12
2
51
12
11
8
9
19
79
23
13
40
17
37
7
40
23
1
42
0
0
1
82
12
0
19
0
10
0
10
45
27
11
39
51
78
27
0
0
3
16
0
12
0
2
3
1
0
0
4
7
12
0
10
3
0
0
0
0
0
0
0
0
0
0
0
0
0
0
0
0
4
6
0
0
20
37
0
3
78
17
8
10
48
7
0
0
0
0
0
2
0
0
22
18
0
0
0
0
0
0
0
0
0
0
0
0
0
0
0
0
0
0
0
0
0
0
0
18
44
3
1
15
31
6
15
14
0
2
0
0
0
4
2
2
2
63
69
35
10
4
2
41
2
1
6
4
3
12
15
8
0
6
0
0
0
8
8
0
0
0
0
8
0
0
7
11
12
0
0
0
0
6
50
47
15
8
8
5
0
0
0
0
12
2
3
69
92
22
5
12
0
19
4
21
1
16
6
5
10
3
0
6
0
0
0
0
0
0
0
0
0
0
0
1
7
