Desktop Folder:soc9/9:D02M089C19   9 Sep 2000
336
30
0000
 -501
 -501
 -501
 -501
 -501
 -501
 -501
 -501
 -501
 -501
 -501
 -501
 -501
 -501
 -501
 -501
 -501
 -501
 -501
 -501
 -501
 -501
 -501
 -501
 -501
 -501
 -501
 -501
 -501
 -501
 -501
 -501
 -501
 -501
 -501
 -241
3
0
0
0
0
11
3
24
9
0
0
0
4
0
0
21
4
22
31
13
18
20
0
4
0
20
36
0
0
40
31
13
10
6
0
26
11
39
19
43
61
75
24
33
40
23
23
11
11
3
0
0
0
0
0
13
28
7
11
0
0
0
0
0
0
0
14
3
0
0
0
4
0
0
0
0
22
2
0
16
9
14
28
10
9
10
9
23
9
16
26
23
29
34
18
23
24
7
3
0
0
0
0
0
0
0
0
0
0
0
14
4
6
3
0
6
21
0
0
0
0
0
13
0
0
1
16
0
0
10
23
4
16
1
4
21
4
21
10
26
33
15
10
4
6
0
0
0
0
0
0
0
0
0
0
0
0
0
0
0
3
17
7
3
0
8
0
3
23
0
0
5
39
14
0
0
7
10
0
6
7
4
0
1
20
14
12
18
1
17
10
11
0
7
0
0
0
0
0
0
0
9
0
0
0
0
0
20
5
0
25
34
1
1
3
0
0
6
1
0
9
0
5
2
1
16
5
19
0
0
21
9
0
0
5
13
10
14
8
0
0
0
0
0
0
0
1
12
0
0
0
0
6
11
1
23
21
0
0
0
0
0
0
4
3
0
0
16
0
0
0
1
9
0
25
19
23
36
0
0
10
19
29
1
0
0
0
0
0
0
0
8
9
0
0
0
0
0
0
0
