Desktop Folder:soc9/9:D02M088C30   9 Sep 2000
336
30
0000
 -501
 -501
 -501
 -501
 -501
 -501
 -501
 -501
 -501
 -501
 -501
 -501
 -501
 -501
 -501
 -501
 -501
 -501
 -501
 -501
 -501
 -501
 -501
 -501
 -501
 -501
 -501
 -501
 -501
 -501
 -501
 -501
 -501
 -501
 -501
 -241
0
0
0
0
0
0
0
0
0
0
0
0
56
58
0
0
0
0
17
1
76
0
0
0
45
35
0
0
0
18
0
0
0
4
112
0
27
6
9
2
30
12
12
20
27
52
38
55
36
12
25
14
46
0
0
9
0
0
8
24
15
21
0
18
0
0
19
7
0
6
19
6
1
0
0
5
24
0
11
0
24
6
12
0
14
26
9
0
1
33
20
19
21
48
37
48
18
44
5
4
7
7
0
0
0
0
0
23
21
0
0
0
0
0
15
15
17
0
0
0
0
0
0
4
3
0
0
0
0
0
0
5
27
28
20
0
15
23
44
41
30
0
0
7
27
10
0
0
0
0
0
0
0
0
0
0
31
0
0
0
0
0
1
0
8
18
11
0
19
5
0
0
0
0
0
0
0
0
0
24
37
56
38
41
0
0
6
19
19
18
1
16
39
31
3
10
2
4
0
0
0
0
0
5
17
0
0
0
0
0
0
0
26
32
6
39
9
0
0
0
23
0
0
35
22
7
3
3
8
0
0
52
2
54
20
19
0
0
8
0
1
0
0
0
0
0
31
5
33
12
8
0
0
0
0
1
0
0
12
29
10
0
0
0
0
0
0
0
0
0
0
0
0
0
0
0
0
0
1
33
33
46
40
18
20
45
12
0
0
0
0
0
0
15
11
0
7
0
0
0
