Desktop Folder:soc9/9:D02M089C30   9 Sep 2000
336
30
0000
 -501
 -501
 -501
 -501
 -501
 -501
 -501
 -501
 -501
 -501
 -501
 -501
 -501
 -501
 -501
 -501
 -501
 -501
 -501
 -501
 -501
 -501
 -501
 -501
 -501
 -501
 -501
 -501
 -501
 -501
 -501
 -501
 -501
 -501
 -501
 -241
0
0
0
0
0
70
0
0
0
45
20
0
0
0
0
0
0
0
0
71
83
0
3
29
37
3
0
23
20
0
0
0
1
1
11
97
8
5
0
107
3
9
80
74
0
16
15
3
30
15
56
45
56
0
0
0
0
0
0
0
20
12
0
0
0
0
0
12
29
0
0
2
0
54
0
0
13
4
0
0
26
11
15
0
0
26
0
0
0
28
19
12
3
0
53
4
13
0
0
0
0
0
0
22
0
0
0
0
0
0
0
0
0
0
0
4
25
35
0
10
0
0
0
28
7
0
0
13
0
49
32
2
2
2
72
0
0
58
0
19
28
0
0
35
13
0
87
48
0
0
0
0
0
0
0
0
0
2
0
0
18
0
0
0
4
0
8
0
0
0
0
0
0
21
12
0
0
4
0
0
0
4
0
14
0
36
3
0
13
14
3
8
0
9
0
0
0
0
0
0
0
0
0
1
0
0
0
0
0
0
1
4
0
0
0
0
0
0
0
0
0
5
8
4
4
15
3
0
0
16
14
4
0
0
12
16
0
39
18
4
21
0
22
7
0
0
0
0
0
0
0
0
0
0
0
10
2
0
0
0
0
0
0
28
0
11
0
0
5
16
2
0
0
18
4
0
0
0
0
0
8
0
23
2
10
12
8
5
4
0
0
0
0
0
0
0
0
0
0
0
