Desktop Folder:soc9/9:D02M088C11   9 Sep 2000
336
30
0000
 -501
 -501
 -501
 -501
 -501
 -501
 -501
 -501
 -501
 -501
 -501
 -501
 -501
 -501
 -501
 -501
 -501
 -501
 -501
 -501
 -501
 -501
 -501
 -501
 -501
 -501
 -501
 -501
 -501
 -501
 -501
 -501
 -501
 -501
 -501
 -241
104
117
128
137
139
142
136
27
0
0
0
96
0
0
0
0
0
0
79
86
3
0
0
0
0
0
59
109
26
7
82
0
0
0
79
82
34
0
69
23
60
34
0
78
77
64
23
85
42
93
110
87
67
141
115
91
18
0
0
0
0
0
0
0
48
22
3
0
0
29
37
2
0
0
76
19
2
0
0
39
100
89
50
0
0
0
0
32
80
102
0
5
64
90
28
95
112
27
38
67
1
0
95
33
0
0
0
57
12
0
2
57
0
17
7
14
0
0
0
29
36
0
73
16
0
0
0
68
33
0
0
0
0
74
50
61
0
0
19
85
42
55
65
50
74
221
47
20
0
61
14
0
0
53
0
0
0
30
48
1
0
16
22
3
0
43
9
0
0
0
0
69
18
0
0
52
41
0
21
26
2
0
59
17
2
67
60
56
51
53
36
42
48
33
35
0
14
30
0
5
39
0
29
0
0
0
0
0
0
0
1
0
0
0
0
25
5
0
0
44
20
0
0
0
72
21
35
5
0
62
0
16
20
5
61
35
56
63
29
46
34
38
33
76
64
51
40
0
23
2
0
0
17
22
2
21
7
0
0
15
21
50
50
0
0
0
0
0
0
0
50
34
0
0
9
71
9
0
0
39
44
29
20
19
58
94
44
47
72
71
51
57
37
52
0
59
0
16
31
14
