Desktop Folder:soc9/9:D02M091C20   9 Sep 2000
336
30
0000
 -501
 -501
 -501
 -501
 -501
 -501
 -501
 -501
 -501
 -501
 -501
 -501
 -501
 -501
 -501
 -501
 -501
 -501
 -501
 -501
 -501
 -501
 -501
 -501
 -501
 -501
 -501
 -501
 -501
 -501
 -501
 -501
 -501
 -501
 -501
 -241
0
0
0
0
0
0
0
0
0
0
0
0
67
51
1
0
0
0
2
0
6
0
0
65
8
8
25
0
3
0
33
73
0
0
43
0
0
0
66
69
50
20
58
65
85
41
12
0
0
6
38
0
0
0
19
0
0
0
0
37
0
0
0
31
0
12
52
0
39
2
28
7
0
0
14
12
9
0
0
39
30
30
0
64
2
46
19
17
43
42
20
25
26
46
28
41
7
0
0
0
0
0
1
25
48
0
0
0
0
0
40
47
2
0
70
0
0
35
1
0
31
8
0
20
13
0
0
44
1
0
0
32
26
20
39
74
17
12
42
49
55
44
68
7
7
0
0
0
0
0
0
0
0
52
0
0
0
0
0
21
33
0
0
20
18
14
8
15
44
6
12
15
0
0
0
17
22
12
0
25
28
25
19
15
6
26
16
39
45
36
50
23
4
0
0
3
17
2
4
1
11
20
19
0
0
0
0
0
0
24
25
30
9
0
15
0
0
0
0
12
16
10
14
6
19
14
47
13
2
41
50
9
34
16
8
33
28
35
17
0
0
0
0
0
20
1
0
0
0
29
10
59
0
7
0
7
25
28
11
3
32
3
2
0
0
13
36
0
2
24
35
8
31
0
15
44
31
16
38
10
20
23
52
30
37
22
0
0
0
0
0
13
0
0
0
0
0
14
42
1
