Desktop Folder:soc9/9:D02M088C06   9 Sep 2000
336
30
0000
 -501
 -501
 -501
 -501
 -501
 -501
 -501
 -501
 -501
 -501
 -501
 -501
 -501
 -501
 -501
 -501
 -501
 -501
 -501
 -501
 -501
 -501
 -501
 -501
 -501
 -501
 -501
 -501
 -501
 -501
 -501
 -501
 -501
 -501
 -501
 -241
2
0
70
46
71
2
42
15
0
0
12
72
0
0
0
0
0
56
51
0
0
0
0
0
0
50
0
6
26
6
1
1
64
50
24
48
18
33
1
0
31
59
31
26
0
23
68
4
46
32
34
29
37
25
1
0
27
5
0
0
48
13
0
18
12
28
0
0
0
40
22
38
5
0
0
0
12
43
16
14
15
0
29
1
0
0
27
34
0
0
23
48
6
3
47
63
9
14
49
9
11
14
0
12
13
0
13
0
0
0
0
0
0
1
36
32
19
17
27
0
22
1
0
0
0
0
12
40
35
19
22
0
0
0
0
0
57
39
11
31
13
1
24
13
11
36
34
23
21
26
41
1
0
0
0
0
0
13
11
0
0
9
0
0
12
0
0
1
8
0
0
14
0
0
6
0
0
0
0
0
23
29
11
2
4
8
6
19
35
12
0
33
30
11
28
14
14
10
0
0
0
14
0
0
0
0
0
5
5
12
9
2
0
0
0
0
5
0
0
0
0
0
0
2
29
35
0
17
2
0
0
17
37
24
19
0
0
16
49
31
10
7
11
27
6
15
0
0
4
32
0
0
0
0
0
0
7
17
1
0
0
0
0
3
2
0
0
12
7
0
20
49
0
0
0
0
0
67
4
7
20
0
0
6
31
19
25
27
12
10
18
39
16
29
0
0
17
0
0
0
