Desktop Folder:soc9/9:D02M090C20   9 Sep 2000
336
30
0000
 -501
 -501
 -501
 -501
 -501
 -501
 -501
 -501
 -501
 -501
 -501
 -501
 -501
 -501
 -501
 -501
 -501
 -501
 -501
 -501
 -501
 -501
 -501
 -501
 -501
 -501
 -501
 -501
 -501
 -501
 -501
 -501
 -501
 -501
 -501
 -241
30
49
47
120
88
49
44
29
54
0
3
0
0
0
15
130
47
101
0
27
0
0
46
10
0
9
2
11
0
10
0
8
50
25
0
15
26
52
8
0
6
9
47
8
19
0
0
46
28
0
47
0
26
4
51
0
24
35
0
0
24
46
2
1
3
2
21
0
3
0
9
4
0
4
5
0
21
2
13
29
0
29
14
0
18
6
21
12
17
10
36
3
12
8
11
0
12
0
56
5
0
0
19
6
14
2
7
0
20
39
6
2
0
14
27
17
0
0
0
7
6
3
13
0
16
38
2
22
14
22
25
0
10
0
11
0
3
9
29
2
12
0
24
16
5
0
11
5
18
4
0
12
14
0
6
2
13
0
3
6
17
8
0
0
19
22
2
0
0
0
9
0
0
36
0
5
5
0
18
0
3
12
3
9
36
0
0
24
2
6
23
5
0
1
0
4
0
37
7
1
7
0
4
0
6
0
0
36
0
2
0
9
0
2
3
0
0
6
2
19
0
0
37
6
1
13
18
4
8
10
2
6
2
0
10
7
0
0
8
29
6
8
24
7
7
14
0
20
4
0
0
22
0
24
0
7
22
0
0
10
5
0
0
4
0
25
7
12
0
0
10
31
4
7
0
21
3
6
6
12
2
3
6
0
0
4
12
13
35
14
22
2
0
1
2
0
0
12
0
3
