Desktop Folder:soc9/9:D02M092C08   9 Sep 2000
336
30
0000
 -501
 -501
 -501
 -501
 -501
 -501
 -501
 -501
 -501
 -501
 -501
 -501
 -501
 -501
 -501
 -501
 -501
 -501
 -501
 -501
 -501
 -501
 -501
 -501
 -501
 -501
 -501
 -501
 -501
 -501
 -501
 -501
 -501
 -501
 -501
 -241
102
0
5
56
71
0
0
0
0
0
65
41
0
2
110
2
0
0
0
0
27
111
3
0
0
1
1
0
57
91
28
78
33
33
33
89
42
14
0
0
0
0
0
98
74
65
108
64
42
68
75
72
60
0
47
2
51
35
0
0
0
62
11
0
0
0
0
0
0
39
35
0
0
0
0
0
0
81
66
19
0
73
14
0
0
0
85
28
92
0
29
113
2
63
13
46
75
56
78
20
25
0
41
0
16
0
0
0
0
0
2
0
0
7
0
0
0
0
0
19
0
0
0
20
48
79
25
26
0
0
0
48
33
47
38
7
14
87
10
78
30
76
50
37
60
30
45
61
30
9
5
0
0
0
0
0
0
19
0
0
2
8
0
0
0
0
1
26
19
0
0
0
44
60
23
10
54
17
0
19
30
0
0
0
52
44
67
0
64
52
58
49
66
37
46
50
22
26
1
37
0
0
0
0
0
0
0
11
19
0
0
0
0
20
8
30
0
0
0
0
0
49
3
12
24
0
0
60
7
0
45
5
49
28
35
22
21
50
62
34
65
36
55
24
15
20
1
0
0
0
0
0
0
0
0
0
1
22
12
11
0
0
0
70
2
0
0
0
0
0
37
4
44
0
19
0
0
29
43
24
12
63
118
49
26
37
44
65
32
57
41
13
24
0
0
0
0
0
0
0
