Desktop Folder:soc9/9:D02M090C32   9 Sep 2000
336
30
0000
 -501
 -501
 -501
 -501
 -501
 -501
 -501
 -501
 -501
 -501
 -501
 -501
 -501
 -501
 -501
 -501
 -501
 -501
 -501
 -501
 -501
 -501
 -501
 -501
 -501
 -501
 -501
 -501
 -501
 -501
 -501
 -501
 -501
 -501
 -501
 -241
15
1
4
0
2
35
35
103
11
0
0
0
0
0
81
0
3
6
0
0
20
82
7
0
0
0
5
59
55
0
0
0
42
60
0
4
12
149
52
58
44
33
43
0
0
0
0
0
0
0
0
0
0
45
0
0
0
0
0
0
0
63
0
4
0
39
58
79
13
0
0
5
32
7
42
0
0
41
0
20
16
0
4
40
10
24
11
15
22
8
1
7
1
0
0
0
0
45
15
0
0
0
0
0
0
0
0
0
0
0
0
11
41
2
7
77
28
0
0
0
6
12
7
4
22
0
8
17
0
3
13
0
18
0
63
14
1
5
0
0
2
0
0
0
0
6
0
0
0
0
0
0
0
0
27
0
0
2
0
0
0
0
0
8
3
22
15
2
23
4
18
53
0
0
0
0
3
1
4
0
0
0
0
0
0
0
0
0
0
0
0
0
0
0
0
0
0
0
14
0
0
0
0
0
0
0
0
0
24
0
0
0
0
0
0
0
14
0
51
13
0
2
45
0
0
0
0
0
0
0
0
0
0
0
0
0
0
0
0
0
46
70
0
0
0
0
0
25
0
14
19
0
0
27
20
0
0
6
0
20
0
0
0
0
13
5
11
31
71
5
0
0
0
0
0
0
0
8
8
22
0
0
0
0
0
0
0
0
0
0
2
0
0
0
0
9
7
14
30
0
