Desktop Folder:soc9/9:D02M090C21   9 Sep 2000
336
30
0000
 -501
 -501
 -501
 -501
 -501
 -501
 -501
 -501
 -501
 -501
 -501
 -501
 -501
 -501
 -501
 -501
 -501
 -501
 -501
 -501
 -501
 -501
 -501
 -501
 -501
 -501
 -501
 -501
 -501
 -501
 -501
 -501
 -501
 -501
 -501
 -241
3
18
2
65
14
0
0
35
1
0
0
0
11
99
0
0
0
0
0
0
0
0
0
0
68
23
51
17
2
1
9
0
0
59
0
0
0
35
44
0
80
25
0
52
0
28
36
40
0
13
36
14
38
46
0
0
0
0
0
0
0
0
0
0
0
0
80
7
10
64
82
0
0
0
16
6
9
8
4
63
18
13
2
14
30
0
0
42
42
31
10
44
12
49
64
41
3
104
27
0
42
44
0
0
0
0
0
0
0
0
0
0
0
0
1
8
19
0
0
0
0
2
54
22
0
0
0
0
0
35
2
1
41
0
21
37
83
0
12
0
60
34
23
43
39
7
17
35
0
0
25
1
0
0
0
0
0
0
0
0
0
0
7
0
0
0
20
4
0
0
0
0
33
12
0
0
0
10
23
23
0
0
0
0
31
26
41
23
8
3
19
23
39
18
13
0
9
0
2
0
0
0
0
0
0
0
0
0
0
0
0
2
0
0
12
49
0
0
41
0
0
0
38
1
0
26
0
0
0
16
6
0
6
10
24
5
31
11
16
17
9
9
16
0
6
0
0
0
0
0
0
3
0
0
0
15
2
0
0
0
0
2
0
0
0
20
32
12
0
0
17
0
0
0
20
8
3
0
0
4
6
19
15
33
13
27
2
5
8
15
0
7
0
0
0
4
0
0
0
0
