Desktop Folder:soc9/9:D02M090C09   9 Sep 2000
336
30
0000
 -501
 -501
 -501
 -501
 -501
 -501
 -501
 -501
 -501
 -501
 -501
 -501
 -501
 -501
 -501
 -501
 -501
 -501
 -501
 -501
 -501
 -501
 -501
 -501
 -501
 -501
 -501
 -501
 -501
 -501
 -501
 -501
 -501
 -501
 -501
 -241
0
0
13
0
0
0
16
0
0
0
0
0
12
21
0
0
0
0
0
5
0
0
7
44
0
5
5
1
5
0
5
0
25
16
29
0
0
0
3
28
26
36
11
4
0
10
16
13
5
4
2
13
14
2
60
0
3
1
42
1
0
40
0
0
0
2
0
0
7
7
14
12
0
11
0
2
24
0
0
31
0
40
0
0
27
2
13
0
8
16
10
26
8
5
2
3
25
3
0
9
14
10
0
0
0
19
17
8
0
5
18
0
5
3
0
2
0
0
0
0
0
0
0
23
0
0
24
4
0
0
30
13
0
23
12
0
10
0
15
7
0
0
7
0
22
0
0
0
4
0
7
2
27
0
32
1
0
0
0
0
3
6
9
1
3
17
33
0
25
13
0
14
0
0
8
0
0
0
0
0
7
19
0
0
10
2
0
0
0
7
0
1
6
7
0
0
0
0
0
0
38
0
8
0
0
0
0
27
78
0
0
0
0
0
4
21
0
0
0
5
2
0
0
0
3
26
0
0
0
0
15
11
14
0
0
7
17
10
14
1
0
7
13
8
0
0
18
0
0
4
0
0
8
0
0
0
0
0
0
11
0
7
2
0
28
0
0
1
0
0
10
36
0
0
5
3
0
31
43
0
10
3
2
0
19
12
3
0
6
0
14
16
0
2
7
4
16
0
0
10
