Desktop Folder:soc9/9:D02M090C15   9 Sep 2000
336
30
0000
 -501
 -501
 -501
 -501
 -501
 -501
 -501
 -501
 -501
 -501
 -501
 -501
 -501
 -501
 -501
 -501
 -501
 -501
 -501
 -501
 -501
 -501
 -501
 -501
 -501
 -501
 -501
 -501
 -501
 -501
 -501
 -501
 -501
 -501
 -501
 -241
31
38
40
48
16
0
24
40
35
0
15
52
11
0
7
28
28
0
0
23
26
7
0
8
33
19
6
0
0
8
39
24
5
0
0
1
28
28
18
2
3
27
20
17
15
24
1
5
25
10
27
22
7
9
11
22
6
31
17
0
12
28
20
18
11
2
18
6
7
0
0
8
16
0
0
5
17
33
0
0
0
18
30
17
5
24
2
11
8
17
7
13
11
18
7
26
3
26
11
22
15
18
5
28
21
10
8
6
8
8
11
1
12
6
2
8
0
0
13
0
0
9
7
0
1
8
11
0
0
15
11
0
8
17
33
26
19
6
21
21
16
11
13
21
14
16
22
19
19
26
28
24
18
29
22
7
8
0
20
0
0
13
0
4
9
0
0
10
0
19
0
8
2
0
0
23
18
0
0
28
22
6
5
0
20
26
7
16
18
18
15
15
16
11
24
25
27
21
26
12
8
16
16
5
7
13
26
4
0
0
0
22
4
16
7
2
0
4
0
0
19
18
0
74
15
28
21
35
0
16
15
44
4
23
13
26
11
30
12
21
24
23
12
36
31
38
18
15
11
6
19
7
29
6
2
40
0
8
18
46
28
0
0
0
22
31
42
3
33
62
18
0
0
25
34
21
19
66
40
24
35
21
23
26
13
37
34
14
17
36
19
2
13
31
3
19
0
23
23
0
