Desktop Folder:soc9/9:D02M088C32   9 Sep 2000
336
30
0000
 -501
 -501
 -501
 -501
 -501
 -501
 -501
 -501
 -501
 -501
 -501
 -501
 -501
 -501
 -501
 -501
 -501
 -501
 -501
 -501
 -501
 -501
 -501
 -501
 -501
 -501
 -501
 -501
 -501
 -501
 -501
 -501
 -501
 -501
 -501
 -241
2
0
0
10
11
0
4
67
47
5
0
51
0
5
31
5
0
0
30
0
0
58
0
0
20
0
57
46
0
0
5
4
5
25
76
0
3
0
29
74
22
10
5
10
9
84
19
20
14
0
25
31
3
6
0
7
32
35
19
0
0
0
2
0
0
0
2
21
0
0
20
69
39
10
0
41
6
32
5
7
28
56
14
17
10
21
19
3
39
36
6
11
56
14
79
39
0
30
44
44
24
13
22
7
56
65
38
38
4
11
4
0
104
58
56
13
52
13
30
11
64
2
81
0
27
10
91
35
47
35
44
105
35
37
50
48
24
52
32
48
53
23
45
47
41
41
1
24
11
4
0
0
0
38
11
0
0
0
0
51
15
10
1
32
27
26
34
4
37
26
65
21
0
1
0
15
8
29
20
43
6
37
0
0
0
16
8
10
25
62
53
75
115
43
62
42
43
48
43
51
48
51
54
41
23
61
71
56
33
55
70
21
28
25
23
27
38
32
33
45
67
43
43
100
69
51
72
63
48
49
45
33
35
56
35
48
39
54
88
53
58
42
56
47
64
65
46
77
94
51
68
64
36
21
60
17
42
45
31
31
29
36
39
39
47
24
42
39
59
12
56
15
88
65
30
69
48
85
46
57
47
42
25
35
22
29
20
51
30
66
39
24
27
34
29
48
5
23
19
31
