Desktop Folder:soc9/9:D02M092C06   9 Sep 2000
336
30
0000
 -501
 -501
 -501
 -501
 -501
 -501
 -501
 -501
 -501
 -501
 -501
 -501
 -501
 -501
 -501
 -501
 -501
 -501
 -501
 -501
 -501
 -501
 -501
 -501
 -501
 -501
 -501
 -501
 -501
 -501
 -501
 -501
 -501
 -501
 -501
 -241
96
1
33
139
47
92
102
83
0
22
99
84
53
0
0
0
0
55
24
0
0
0
0
0
6
88
40
0
2
0
0
0
78
80
23
0
0
83
21
0
0
54
70
16
26
34
37
53
57
44
45
20
36
45
20
32
29
31
0
0
12
0
0
0
24
8
0
0
0
0
10
0
32
96
0
0
0
0
22
66
20
31
37
74
38
0
74
10
0
0
23
136
100
85
61
66
73
60
65
58
78
42
52
92
54
12
18
1
0
0
0
0
0
0
36
25
0
0
0
0
0
0
0
0
0
27
60
0
0
0
6
60
28
0
0
0
0
0
52
85
54
18
63
33
74
15
37
48
54
43
5
40
0
0
0
0
0
0
0
0
0
0
0
0
0
12
3
36
0
12
1
0
16
17
0
0
1
42
41
10
0
0
0
0
0
5
70
76
27
12
7
2
39
4
15
12
7
0
16
0
15
0
0
11
0
0
0
0
0
0
0
0
0
0
0
0
0
49
10
0
0
0
0
0
25
9
27
28
0
0
0
0
22
23
24
0
53
27
11
60
37
26
1
47
0
12
9
2
0
0
0
0
0
0
0
14
0
0
0
0
48
0
0
0
0
0
0
4
35
23
0
0
0
0
29
47
10
31
2
29
17
73
0
67
9
81
0
0
23
3
3
15
15
9
0
0
0
0
0
0
