Desktop Folder:soc9/9:D02M088C28   9 Sep 2000
336
30
0000
 -501
 -501
 -501
 -501
 -501
 -501
 -501
 -501
 -501
 -501
 -501
 -501
 -501
 -501
 -501
 -501
 -501
 -501
 -501
 -501
 -501
 -501
 -501
 -501
 -501
 -501
 -501
 -501
 -501
 -501
 -501
 -501
 -501
 -501
 -501
 -241
16
0
1
5
8
12
3
5
28
87
15
2
0
10
119
7
0
0
0
28
39
7
0
24
4
4
5
4
28
10
0
0
19
15
0
8
9
4
1
8
8
4
14
27
11
18
23
11
1
0
0
2
10
0
0
1
9
3
12
5
0
14
0
0
0
0
29
0
0
16
0
9
0
0
0
0
19
4
3
0
10
11
3
9
5
6
1
10
6
0
5
16
16
19
8
15
9
0
0
0
0
11
0
0
0
0
10
0
0
3
3
0
0
3
7
0
0
0
3
7
11
9
0
0
10
1
4
2
2
0
0
17
15
13
6
0
4
0
6
44
19
14
15
10
1
0
0
0
2
0
0
0
0
41
8
5
7
7
6
1
0
0
0
0
0
0
2
19
12
0
2
0
8
4
0
0
7
12
5
0
0
27
5
23
9
0
0
0
4
0
0
5
4
0
0
8
1
2
2
2
26
0
0
6
11
7
8
8
0
8
3
0
25
2
25
0
1
37
0
0
2
43
9
6
0
9
18
7
2
7
5
21
10
0
0
0
0
18
21
0
0
0
1
0
0
0
0
0
6
7
0
0
13
6
0
0
0
13
16
0
15
9
0
24
7
3
5
6
25
0
10
0
14
15
17
12
0
0
0
0
19
19
16
18
32
8
0
0
0
0
0
1
0
0
0
0
15
0
0
7
