Desktop Folder:soc9/9:D02M089C27   9 Sep 2000
336
30
0000
 -501
 -501
 -501
 -501
 -501
 -501
 -501
 -501
 -501
 -501
 -501
 -501
 -501
 -501
 -501
 -501
 -501
 -501
 -501
 -501
 -501
 -501
 -501
 -501
 -501
 -501
 -501
 -501
 -501
 -501
 -501
 -501
 -501
 -501
 -501
 -241
26
25
1
2
0
0
0
31
19
3
10
0
0
0
0
0
72
12
0
20
13
0
0
27
26
0
1
22
0
0
0
0
0
6
31
0
0
11
0
0
0
0
13
7
12
2
14
1
0
3
0
25
13
0
4
0
0
2
0
0
0
0
0
0
0
0
0
1
2
0
35
1
0
0
0
0
0
2
0
0
0
0
0
0
4
0
0
0
0
36
32
0
5
33
27
14
0
0
17
10
0
0
0
0
0
0
0
0
0
0
1
0
0
0
0
0
0
0
1
0
2
3
0
0
0
0
0
0
0
0
0
0
0
0
14
0
1
3
0
8
1
10
0
3
5
0
0
0
0
0
0
0
0
0
0
0
0
0
0
0
0
8
7
0
0
0
0
0
0
0
1
4
0
9
0
7
0
0
0
3
0
0
2
0
0
0
18
0
5
0
6
0
0
0
0
3
0
0
2
5
0
0
0
0
1
0
0
1
28
10
0
0
0
0
0
0
0
0
0
13
0
0
0
12
1
0
2
11
4
2
0
10
0
46
0
0
14
0
22
0
0
13
0
0
0
0
30
25
0
0
0
0
0
0
0
0
7
0
37
0
0
0
2
7
5
3
0
5
20
0
5
0
21
17
0
16
0
19
16
18
12
0
0
0
0
1
5
16
0
0
0
9
0
3
0
0
0
0
0
0
