Desktop Folder:soc9/9:D02M090C12   9 Sep 2000
336
30
0000
 -501
 -501
 -501
 -501
 -501
 -501
 -501
 -501
 -501
 -501
 -501
 -501
 -501
 -501
 -501
 -501
 -501
 -501
 -501
 -501
 -501
 -501
 -501
 -501
 -501
 -501
 -501
 -501
 -501
 -501
 -501
 -501
 -501
 -501
 -501
 -241
0
0
0
0
0
0
0
0
0
0
0
0
0
0
0
0
0
0
0
127
40
0
0
0
0
0
0
0
68
34
5
0
0
35
0
15
5
8
26
28
46
11
30
32
21
56
40
29
30
16
17
0
15
12
11
18
4
0
26
0
0
0
0
0
0
11
47
0
5
1
0
0
0
0
1
0
89
19
0
22
6
0
0
14
11
0
9
21
15
10
27
18
13
24
62
41
7
21
6
6
57
9
0
4
0
79
18
30
34
6
0
0
40
7
0
14
12
23
8
0
55
5
6
0
0
0
16
7
84
7
64
33
24
47
11
20
3
26
41
22
28
36
70
27
9
25
54
23
6
39
0
0
1
0
36
0
54
34
0
0
0
0
0
0
46
70
18
0
0
7
0
56
74
37
48
0
0
0
0
23
28
0
15
59
6
46
24
22
42
33
56
12
0
0
0
41
0
0
0
0
0
0
0
0
0
0
9
0
0
47
0
0
0
0
20
34
6
0
0
0
11
0
0
35
13
24
0
0
2
33
74
49
20
74
14
41
53
5
0
41
20
7
0
14
21
0
0
0
0
0
0
0
0
43
87
7
0
42
48
134
93
103
10
0
0
0
0
2
0
62
38
0
0
8
9
31
88
102
54
19
5
18
13
2
0
45
80
11
0
0
13
57
0
0
0
12
74
0
0
0
