Desktop Folder:soc9/9:D02M088C04   9 Sep 2000
336
30
0000
 -501
 -501
 -501
 -501
 -501
 -501
 -501
 -501
 -501
 -501
 -501
 -501
 -501
 -501
 -501
 -501
 -501
 -501
 -501
 -501
 -501
 -501
 -501
 -501
 -501
 -501
 -501
 -501
 -501
 -501
 -501
 -501
 -501
 -501
 -501
 -241
13
25
29
58
43
22
0
0
30
0
0
43
0
0
0
0
0
30
29
0
0
0
17
8
0
0
0
1
0
0
0
61
0
0
111
0
2
53
0
22
16
34
13
16
34
64
48
39
72
46
59
30
26
34
9
0
0
0
0
0
0
0
0
0
0
0
0
48
4
0
0
0
0
0
0
2
55
0
0
0
0
26
32
0
0
0
43
15
17
23
40
27
40
38
37
43
45
41
56
40
23
10
0
0
14
3
2
7
1
4
1
4
17
11
0
0
0
0
0
0
0
0
0
0
22
75
0
14
0
0
0
45
23
0
61
13
1
22
27
26
42
26
54
43
57
33
51
24
16
0
6
0
0
0
0
0
0
0
0
0
0
0
0
0
0
0
0
0
0
2
0
0
6
20
0
0
0
12
101
0
0
3
0
0
30
20
6
47
33
22
26
42
59
49
30
22
10
10
0
0
0
0
0
0
0
0
0
0
0
0
0
0
0
0
0
0
0
0
0
6
22
0
0
0
0
0
0
0
0
64
11
18
30
6
37
27
18
30
9
22
43
30
24
12
9
11
0
0
0
0
0
0
2
0
0
0
0
0
0
0
0
0
0
0
0
8
34
0
0
0
0
0
22
2
40
0
0
20
17
14
11
27
53
58
46
36
27
24
27
16
24
15
15
0
0
0
0
0
0
0
