Desktop Folder:soc9/9:D02M089C13   9 Sep 2000
336
30
0000
 -501
 -501
 -501
 -501
 -501
 -501
 -501
 -501
 -501
 -501
 -501
 -501
 -501
 -501
 -501
 -501
 -501
 -501
 -501
 -501
 -501
 -501
 -501
 -501
 -501
 -501
 -501
 -501
 -501
 -501
 -501
 -501
 -501
 -501
 -501
 -241
0
0
0
61
70
41
0
0
0
0
0
0
0
0
0
7
79
25
0
0
0
71
63
10
0
0
0
0
0
72
59
0
0
0
0
0
72
105
43
72
46
60
2
45
35
48
38
24
79
85
52
0
63
30
19
0
0
0
0
0
0
0
0
76
14
30
0
0
0
0
0
35
42
82
0
0
0
38
40
0
25
9
38
32
0
0
1
62
24
21
0
62
28
83
16
45
36
72
30
0
30
1
0
28
0
0
0
0
0
16
18
0
0
0
20
0
36
1
0
0
0
0
0
14
26
0
17
0
0
0
0
0
0
53
0
27
9
0
35
15
26
31
0
43
39
10
0
0
28
1
16
29
20
8
0
0
0
0
41
27
1
0
3
2
0
0
13
27
22
24
22
0
0
38
22
0
4
30
0
0
0
0
20
32
0
29
34
22
3
37
40
31
28
10
37
0
19
0
31
0
0
28
1
0
0
17
22
0
0
0
0
0
0
0
11
17
0
0
4
43
36
2
0
6
43
0
51
0
0
0
0
0
45
38
0
0
31
36
28
6
21
0
23
36
0
0
20
23
1
33
0
0
0
20
13
0
0
0
31
3
0
0
0
0
0
0
0
0
37
0
0
0
6
84
36
8
36
37
43
0
55
42
7
30
6
8
38
0
76
73
37
0
0
34
4
1
18
0
0
0
