Desktop Folder:soc9/9:D02M088C16   9 Sep 2000
336
30
0000
 -501
 -501
 -501
 -501
 -501
 -501
 -501
 -501
 -501
 -501
 -501
 -501
 -501
 -501
 -501
 -501
 -501
 -501
 -501
 -501
 -501
 -501
 -501
 -501
 -501
 -501
 -501
 -501
 -501
 -501
 -501
 -501
 -501
 -501
 -501
 -241
0
52
23
54
11
0
22
10
0
0
9
6
0
0
0
3
3
0
9
12
0
6
2
5
9
0
0
41
73
3
0
0
0
0
39
4
0
54
12
0
0
30
53
38
0
41
42
16
38
20
22
29
20
5
5
0
0
0
0
0
9
4
1
11
8
0
0
0
0
0
0
0
17
0
0
0
0
37
49
9
0
0
0
19
0
23
47
0
44
18
24
4
87
21
29
26
15
70
21
21
20
0
10
0
0
6
3
0
0
0
0
0
0
0
0
0
0
0
0
0
0
0
26
13
0
0
0
0
9
23
0
0
0
38
32
0
42
0
29
42
12
18
34
42
28
6
9
6
0
0
0
0
0
0
0
0
0
0
4
0
0
0
0
0
0
0
22
21
0
0
0
16
0
0
0
0
0
0
0
64
44
0
51
22
13
15
83
5
58
35
27
28
24
12
0
5
0
0
0
0
0
0
18
0
0
0
0
0
0
0
0
0
0
0
0
33
0
0
0
0
0
11
6
0
9
32
45
0
0
30
8
18
26
17
32
23
12
23
27
26
22
13
0
0
4
0
0
0
6
0
0
0
2
34
0
0
0
0
0
0
0
17
0
0
0
0
34
0
0
0
30
2
0
64
1
0
54
0
32
4
64
56
48
57
26
9
20
23
0
4
0
4
2
0
0
0
0
0
0
0
