Desktop Folder:soc9/9:D02M092C19   9 Sep 2000
336
30
0000
 -501
 -501
 -501
 -501
 -501
 -501
 -501
 -501
 -501
 -501
 -501
 -501
 -501
 -501
 -501
 -501
 -501
 -501
 -501
 -501
 -501
 -501
 -501
 -501
 -501
 -501
 -501
 -501
 -501
 -501
 -501
 -501
 -501
 -501
 -501
 -241
35
28
32
17
44
36
25
47
21
9
12
2
0
0
0
0
18
15
24
34
22
0
0
16
18
18
7
8
0
13
32
23
27
28
27
26
25
10
26
31
22
72
29
7
39
37
25
54
27
7
40
27
24
25
20
24
47
21
0
16
4
34
0
27
10
0
22
7
30
13
1
9
8
33
7
22
43
25
3
0
37
15
8
17
39
35
31
2
10
24
18
20
21
6
13
15
30
17
12
24
29
14
25
18
30
26
0
18
3
0
9
29
1
0
7
10
33
0
19
7
12
23
0
14
0
33
3
0
10
18
22
40
33
22
23
21
7
17
27
26
17
28
21
14
36
24
16
16
35
25
36
28
29
23
35
27
14
6
12
17
12
14
12
5
13
3
9
6
34
13
4
5
11
27
0
29
31
29
31
16
28
0
32
38
25
10
11
20
21
13
29
32
28
16
30
31
36
29
21
30
28
30
30
13
23
17
0
13
28
20
27
14
5
11
23
0
14
0
8
22
29
22
16
24
23
40
13
18
21
18
10
20
26
30
27
28
10
33
18
26
13
21
30
16
23
31
26
16
22
16
13
32
20
23
8
18
11
4
25
10
22
18
36
21
39
24
13
19
8
17
22
29
36
30
17
21
19
12
23
15
16
25
12
35
13
17
29
18
23
21
39
37
41
19
36
33
13
23
18
33
