Desktop Folder:soc9/9:D02M091C16   9 Sep 2000
336
30
0000
 -501
 -501
 -501
 -501
 -501
 -501
 -501
 -501
 -501
 -501
 -501
 -501
 -501
 -501
 -501
 -501
 -501
 -501
 -501
 -501
 -501
 -501
 -501
 -501
 -501
 -501
 -501
 -501
 -501
 -501
 -501
 -501
 -501
 -501
 -501
 -241
50
0
4
0
0
17
64
44
0
0
0
0
0
0
0
0
0
27
63
2
0
24
34
0
0
0
0
0
0
44
77
0
0
0
0
0
27
21
0
0
0
0
41
81
39
40
1
67
36
58
75
56
48
47
37
0
0
0
0
0
0
0
0
0
0
0
24
36
0
1
15
0
0
0
0
0
10
50
37
0
0
0
37
61
0
68
6
0
1
65
6
66
35
28
36
48
59
89
43
49
3
58
0
0
0
0
19
0
0
0
0
0
0
0
0
0
0
0
0
0
22
5
21
11
30
6
4
0
23
5
89
61
12
0
0
50
42
0
13
65
40
75
62
33
65
59
45
0
9
12
31
44
5
1
2
0
0
1
26
0
0
1
9
7
3
2
0
0
0
0
0
0
58
46
38
1
57
48
53
0
0
0
47
55
50
0
56
36
68
45
49
29
86
55
17
19
31
15
0
0
0
0
0
0
3
1
0
0
0
0
0
2
0
0
0
11
39
18
16
19
43
21
0
0
0
0
0
45
35
25
28
13
1
60
22
44
46
77
31
39
43
37
38
15
0
0
0
0
0
0
0
0
0
0
0
0
0
0
17
26
14
0
0
15
41
0
0
36
25
17
23
55
0
17
1
1
1
30
48
27
65
0
64
25
55
41
44
38
42
73
30
0
0
0
0
0
0
0
0
0
