Desktop Folder:soc9/9:D02M090C17   9 Sep 2000
336
30
0000
 -501
 -501
 -501
 -501
 -501
 -501
 -501
 -501
 -501
 -501
 -501
 -501
 -501
 -501
 -501
 -501
 -501
 -501
 -501
 -501
 -501
 -501
 -501
 -501
 -501
 -501
 -501
 -501
 -501
 -501
 -501
 -501
 -501
 -501
 -501
 -241
35
52
64
52
82
76
88
101
128
9
0
0
0
0
0
0
23
68
0
0
0
0
0
0
74
22
0
0
10
63
9
4
41
0
0
66
62
66
45
12
0
0
57
10
0
36
54
0
61
95
31
73
64
95
95
102
109
92
74
0
26
0
0
0
0
15
4
0
0
5
0
58
29
0
0
0
30
0
0
0
0
5
31
14
0
0
0
0
0
56
28
51
32
0
29
52
45
30
82
58
20
68
79
85
97
86
0
0
0
0
0
0
0
0
0
0
0
0
0
0
0
0
0
0
0
33
36
0
0
0
0
0
0
29
0
17
10
0
27
66
15
0
34
17
49
16
33
42
63
67
40
74
102
72
48
0
1
0
5
0
0
0
0
0
0
0
0
0
0
0
0
0
0
19
0
14
55
0
0
35
0
0
0
0
61
27
14
45
37
0
33
23
31
37
29
43
43
32
24
20
41
32
9
35
0
0
0
0
0
0
0
9
28
0
0
0
0
0
0
0
14
38
0
0
20
48
0
0
21
39
0
0
22
0
17
0
6
45
21
53
36
14
49
35
29
58
39
68
71
64
55
0
60
22
0
0
0
33
42
4
0
0
0
0
0
0
0
0
21
0
0
0
20
0
0
23
0
0
14
0
0
0
0
48
10
0
2
41
8
28
31
44
41
54
45
39
49
25
24
1
