Desktop Folder:soc9/9:D02M092C11   9 Sep 2000
336
30
0000
 -501
 -501
 -501
 -501
 -501
 -501
 -501
 -501
 -501
 -501
 -501
 -501
 -501
 -501
 -501
 -501
 -501
 -501
 -501
 -501
 -501
 -501
 -501
 -501
 -501
 -501
 -501
 -501
 -501
 -501
 -501
 -501
 -501
 -501
 -501
 -241
10
10
8
0
24
0
3
82
4
0
0
0
23
0
0
0
1
0
0
14
9
6
3
0
0
0
0
11
0
6
15
0
28
0
16
58
7
0
0
27
51
4
0
0
51
0
31
48
43
35
3
80
13
64
26
16
16
29
0
0
0
29
0
0
0
0
10
9
18
8
0
0
19
0
13
5
0
50
6
0
0
10
12
64
18
0
3
0
28
41
42
0
30
41
0
20
0
31
42
12
45
5
37
33
52
29
0
2
0
5
1
18
0
0
12
0
7
51
1
0
0
0
8
0
48
18
0
18
0
30
30
20
0
15
16
39
19
18
6
13
26
33
17
33
0
26
10
31
43
31
11
0
23
10
0
0
0
0
18
0
0
11
0
0
0
0
29
10
0
19
45
0
26
0
20
0
0
15
20
0
47
4
0
4
39
25
10
15
22
2
60
46
8
14
70
48
23
37
7
8
41
20
0
0
16
12
0
0
0
10
0
11
4
0
0
0
6
8
0
20
0
14
0
8
44
18
8
31
0
0
27
1
32
52
9
8
43
52
41
51
13
71
36
39
67
34
8
0
0
0
6
0
0
23
0
20
2
0
5
4
0
0
16
35
0
0
2
0
4
42
16
46
14
0
0
27
14
19
22
12
22
0
52
31
60
14
67
35
38
59
18
26
0
0
15
14
22
0
0
0
