Desktop Folder:soc9/9:D02M088C07   9 Sep 2000
336
30
0000
 -501
 -501
 -501
 -501
 -501
 -501
 -501
 -501
 -501
 -501
 -501
 -501
 -501
 -501
 -501
 -501
 -501
 -501
 -501
 -501
 -501
 -501
 -501
 -501
 -501
 -501
 -501
 -501
 -501
 -501
 -501
 -501
 -501
 -501
 -501
 -241
5
107
75
31
139
25
44
70
10
29
3
45
0
54
0
28
0
0
27
0
29
37
44
1
0
26
67
17
0
64
0
0
0
0
32
36
71
0
33
60
0
0
61
14
50
0
57
0
88
117
54
18
36
28
106
117
120
50
41
46
18
0
15
0
0
24
11
17
0
0
0
0
0
0
0
0
22
32
37
0
17
0
0
22
25
0
11
0
4
16
32
0
37
14
17
48
28
24
29
25
40
32
15
28
15
0
26
13
0
16
0
10
6
0
0
0
3
1
0
0
0
0
11
7
10
0
13
4
11
0
0
25
10
9
29
13
27
17
23
7
16
0
20
13
25
47
56
49
29
21
43
47
78
20
20
10
26
15
1
12
12
8
0
19
0
7
2
1
0
0
0
0
3
23
2
17
3
8
6
5
10
0
0
4
0
11
15
9
15
0
21
36
34
10
16
27
13
20
13
16
8
16
7
7
6
0
4
7
0
6
0
13
0
0
9
2
0
0
0
8
1
5
12
35
80
0
8
0
0
29
0
0
22
0
4
18
8
0
36
31
32
15
19
16
21
46
59
34
29
10
11
4
31
0
14
0
0
0
13
0
6
0
0
3
3
5
0
17
2
0
11
21
3
11
8
0
19
0
0
1
7
0
24
1
3
14
29
20
30
16
44
31
29
27
32
5
0
6
4
12
