Desktop Folder:soc9/9:D02M089C21   9 Sep 2000
336
30
0000
 -501
 -501
 -501
 -501
 -501
 -501
 -501
 -501
 -501
 -501
 -501
 -501
 -501
 -501
 -501
 -501
 -501
 -501
 -501
 -501
 -501
 -501
 -501
 -501
 -501
 -501
 -501
 -501
 -501
 -501
 -501
 -501
 -501
 -501
 -501
 -241
0
0
0
0
0
0
2
0
1
0
20
0
0
0
0
54
8
23
0
0
22
27
15
1
7
61
8
0
10
0
29
18
0
13
0
70
7
53
17
15
26
24
37
10
9
77
35
54
47
25
40
11
17
11
20
3
1
0
3
2
0
0
10
16
6
5
0
7
25
4
6
0
0
8
12
0
12
24
50
47
54
24
2
44
22
6
21
6
44
71
53
51
28
16
35
24
49
29
40
27
6
57
64
23
0
0
0
0
0
40
26
26
11
0
0
0
2
22
1
0
23
0
8
25
60
11
22
3
4
36
0
21
12
3
28
43
41
35
28
27
21
32
27
47
28
33
13
0
0
0
0
0
0
0
0
0
0
0
0
0
23
41
60
0
0
0
29
6
0
0
24
12
0
29
9
17
3
53
26
21
4
18
45
19
59
51
40
30
21
20
30
52
34
26
5
11
0
0
0
0
0
0
0
0
0
0
0
3
0
8
15
2
15
1
0
0
1
0
0
0
22
4
0
19
19
0
34
3
50
20
35
19
16
15
25
28
13
32
14
50
0
0
0
0
0
0
0
0
1
1
6
23
0
0
16
52
27
0
18
0
0
58
13
34
4
51
38
14
0
13
5
6
0
0
8
42
7
50
31
40
27
41
51
20
29
23
20
10
39
33
0
0
0
4
21
0
0
0
0
0
