Desktop Folder:soc9/9:D02M089C06   9 Sep 2000
336
30
0000
 -501
 -501
 -501
 -501
 -501
 -501
 -501
 -501
 -501
 -501
 -501
 -501
 -501
 -501
 -501
 -501
 -501
 -501
 -501
 -501
 -501
 -501
 -501
 -501
 -501
 -501
 -501
 -501
 -501
 -501
 -501
 -501
 -501
 -501
 -501
 -241
13
8
3
0
8
0
2
0
0
0
0
0
0
0
1
41
2
34
59
0
0
0
0
0
0
0
0
0
0
0
0
0
0
18
0
0
71
42
0
24
34
96
0
0
0
0
3
0
7
0
14
5
0
0
42
0
16
0
0
0
0
0
13
0
14
6
38
8
19
12
19
20
7
5
5
0
13
3
0
4
1
14
47
10
6
2
8
25
8
12
29
38
7
17
4
11
7
14
4
15
1
1
12
9
3
28
3
19
3
4
35
7
31
0
0
0
0
0
9
23
8
25
2
6
0
38
10
5
7
1
15
10
21
24
12
32
12
4
4
6
14
4
13
5
2
0
12
0
2
7
13
48
34
0
6
16
0
0
4
10
6
0
0
0
0
2
11
32
26
12
0
0
0
4
0
0
0
0
20
10
25
8
9
3
0
0
0
0
0
0
2
11
3
0
26
9
18
10
0
3
20
0
0
4
6
0
0
0
1
14
10
34
7
4
0
4
18
10
11
8
10
10
5
11
15
15
12
36
5
4
5
15
5
16
7
15
25
8
17
9
1
3
2
8
12
19
20
7
12
7
0
2
43
5
2
13
22
2
12
14
8
20
11
28
2
8
16
7
13
13
26
2
21
17
9
5
14
9
15
17
22
7
8
30
8
0
0
10
3
0
0
27
17
8
3
13
8
0
2
7
