Desktop Folder:soc9/9:D02M089C29   9 Sep 2000
336
30
0000
 -501
 -501
 -501
 -501
 -501
 -501
 -501
 -501
 -501
 -501
 -501
 -501
 -501
 -501
 -501
 -501
 -501
 -501
 -501
 -501
 -501
 -501
 -501
 -501
 -501
 -501
 -501
 -501
 -501
 -501
 -501
 -501
 -501
 -501
 -501
 -241
25
7
0
0
0
36
11
12
21
78
26
16
13
0
0
5
5
0
35
16
0
0
22
0
0
15
0
6
0
0
1
1
0
79
27
2
33
3
17
11
11
17
23
10
23
22
26
15
21
6
3
3
16
4
10
3
25
5
11
4
4
0
1
20
0
10
26
0
0
3
0
5
17
17
22
1
5
18
2
0
29
13
11
9
41
29
31
0
42
18
5
27
13
16
36
22
22
20
0
0
3
3
0
0
0
20
0
16
0
0
0
0
17
0
0
10
18
0
19
22
18
76
0
24
0
0
13
13
11
14
8
0
15
17
28
11
16
10
17
46
29
17
16
32
20
16
7
0
2
0
23
0
0
31
0
10
0
9
23
17
17
0
0
3
0
10
6
23
15
11
3
0
13
17
32
5
10
13
16
0
0
0
13
0
22
29
22
25
31
24
59
25
27
43
28
28
17
8
14
7
0
11
0
8
10
0
0
2
1
0
15
3
6
2
0
0
33
0
0
0
18
5
10
10
19
0
33
15
37
30
28
16
4
31
25
34
34
25
31
18
70
28
21
24
31
49
19
24
0
0
0
15
41
14
0
9
0
7
10
28
13
10
0
27
5
0
0
25
11
35
16
33
0
6
0
0
19
31
14
0
44
19
20
27
32
25
22
40
44
26
29
35
15
0
0
0
0
0
0
31
