Desktop Folder:soc9/9:D02M092C15   9 Sep 2000
336
30
0000
 -501
 -501
 -501
 -501
 -501
 -501
 -501
 -501
 -501
 -501
 -501
 -501
 -501
 -501
 -501
 -501
 -501
 -501
 -501
 -501
 -501
 -501
 -501
 -501
 -501
 -501
 -501
 -501
 -501
 -501
 -501
 -501
 -501
 -501
 -501
 -241
39
41
13
3
20
0
0
12
159
0
0
0
6
25
0
0
0
0
0
0
31
5
8
22
23
20
0
0
0
2
90
41
74
20
0
0
42
80
72
54
1
22
55
19
80
60
30
84
84
89
26
0
49
0
0
0
0
0
0
0
0
16
2
0
0
0
0
0
0
2
0
13
0
0
0
5
70
11
0
0
0
0
0
18
24
54
35
1
29
39
11
80
59
31
37
45
39
0
31
0
23
0
10
0
0
0
0
0
0
0
0
0
0
0
0
5
5
11
2
0
0
0
4
0
5
12
43
1
0
0
0
0
15
23
15
0
9
43
49
43
36
48
10
0
36
30
14
0
6
0
0
0
0
0
0
0
0
0
0
0
0
0
0
0
0
0
0
0
0
0
0
23
31
42
51
137
14
33
17
0
0
7
7
27
11
38
47
21
0
13
57
63
41
16
10
11
39
33
0
0
0
0
0
0
0
0
0
0
0
0
0
0
0
0
0
0
0
0
0
0
0
24
73
0
0
24
57
29
44
0
2
21
5
34
43
18
34
38
16
0
14
18
23
0
3
0
7
0
0
0
0
0
0
0
0
0
0
0
0
0
0
0
18
3
0
0
0
0
0
1
57
0
59
0
0
0
0
0
37
6
8
10
0
25
6
12
0
0
20
11
0
0
0
0
0
0
0
0
0
0
