Desktop Folder:soc9/9:D02M090C01   9 Sep 2000
336
30
0000
 -501
 -501
 -501
 -501
 -501
 -501
 -501
 -501
 -501
 -501
 -501
 -501
 -501
 -501
 -501
 -501
 -501
 -501
 -501
 -501
 -501
 -501
 -501
 -501
 -501
 -501
 -501
 -501
 -501
 -501
 -501
 -501
 -501
 -501
 -501
 -241
0
0
0
0
0
32
63
44
0
0
0
0
26
0
0
23
0
0
19
0
0
0
0
0
68
21
0
0
0
10
26
14
6
41
0
15
0
0
0
0
28
62
15
4
67
62
43
19
44
80
47
130
73
79
61
84
2
19
26
51
0
1
0
1
0
5
23
6
0
0
0
0
0
0
41
4
4
72
0
0
0
38
6
15
53
20
0
0
17
48
0
18
0
33
48
62
55
48
39
31
33
35
61
71
31
6
0
0
0
3
0
0
0
0
10
0
0
0
0
9
4
0
0
0
0
0
22
0
0
0
22
0
0
0
15
14
0
37
32
2
25
0
29
10
30
31
14
27
21
41
29
28
65
22
0
0
9
3
0
5
0
10
0
0
0
2
0
0
0
0
0
19
18
0
0
11
16
0
23
24
0
0
38
0
0
14
52
8
20
22
40
45
50
46
35
63
59
51
68
38
53
38
3
0
11
13
0
0
0
0
0
8
5
0
0
0
0
0
0
0
0
50
23
16
13
43
1
1
20
11
23
0
0
0
31
14
42
16
70
11
24
40
33
14
31
58
32
31
0
28
0
35
0
3
12
0
15
0
0
4
0
0
0
0
0
0
19
8
6
24
3
21
12
20
31
25
20
48
29
53
39
34
41
44
59
62
63
57
65
62
70
63
62
54
58
67
43
29
0
0
