Desktop Folder:soc9/9:D02M088C15   9 Sep 2000
336
30
0000
 -501
 -501
 -501
 -501
 -501
 -501
 -501
 -501
 -501
 -501
 -501
 -501
 -501
 -501
 -501
 -501
 -501
 -501
 -501
 -501
 -501
 -501
 -501
 -501
 -501
 -501
 -501
 -501
 -501
 -501
 -501
 -501
 -501
 -501
 -501
 -241
23
25
28
21
46
3
28
0
82
42
0
18
1
0
0
1
0
0
0
0
1
0
1
24
38
0
0
28
0
0
0
2
77
0
0
32
0
0
1
66
22
26
8
0
88
0
53
1
38
66
0
58
33
0
0
56
0
20
0
0
0
56
11
0
0
0
58
0
0
0
0
0
0
0
0
0
15
49
124
1
2
3
77
0
0
0
1
44
54
0
72
19
37
38
78
93
0
80
2
31
0
55
95
0
0
71
35
10
0
0
33
0
0
0
0
0
0
0
3
0
0
18
29
0
0
0
0
3
116
7
14
13
57
23
1
0
35
10
82
65
42
0
47
54
38
13
20
1
5
13
0
22
0
0
0
0
0
0
0
4
6
4
31
0
0
0
0
23
0
0
0
0
22
9
0
31
0
47
21
2
2
60
9
38
2
55
2
24
37
47
28
82
46
37
19
28
0
12
17
0
0
9
0
0
0
0
0
0
0
6
0
0
0
0
6
14
18
0
55
6
0
2
0
26
13
41
0
5
15
0
12
63
12
38
28
54
20
35
46
38
21
28
1
15
11
0
6
0
8
0
0
6
0
5
0
6
0
0
0
7
0
14
30
1
23
27
9
0
21
0
14
12
14
20
5
12
49
0
18
32
14
16
29
35
26
74
30
39
14
46
0
0
0
0
8
20
1
0
17
0
