Desktop Folder:soc9/9:D02M089C15   9 Sep 2000
336
30
0000
 -501
 -501
 -501
 -501
 -501
 -501
 -501
 -501
 -501
 -501
 -501
 -501
 -501
 -501
 -501
 -501
 -501
 -501
 -501
 -501
 -501
 -501
 -501
 -501
 -501
 -501
 -501
 -501
 -501
 -501
 -501
 -501
 -501
 -501
 -501
 -241
90
0
1
1
10
0
21
12
4
10
8
16
14
0
15
1
22
0
0
23
43
13
5
49
6
0
2
0
13
53
6
0
22
0
0
0
0
44
59
10
43
5
11
24
55
20
7
0
0
0
0
0
0
0
0
0
26
0
0
0
0
13
0
2
0
0
13
4
0
7
13
0
0
20
42
79
2
11
0
14
2
8
0
30
34
19
0
3
23
11
8
33
9
15
0
0
0
0
0
0
0
23
0
0
10
0
0
0
0
0
0
0
39
3
2
4
9
3
7
21
10
19
11
2
5
0
13
0
0
3
2
25
27
33
31
25
0
7
10
17
18
0
0
0
0
0
0
0
0
0
0
0
0
0
0
1
0
0
0
2
5
17
18
37
4
4
48
10
2
0
0
6
0
0
7
21
4
3
20
0
0
12
16
22
19
25
27
21
3
0
0
0
0
2
0
0
26
0
19
0
0
0
0
34
16
0
8
0
0
20
16
8
0
0
0
0
14
0
11
12
3
0
19
0
0
0
8
16
17
44
0
0
3
25
19
6
11
0
10
12
0
2
9
6
8
26
0
0
0
11
12
0
0
38
23
7
23
8
11
27
0
0
9
8
0
0
11
52
11
26
8
0
0
0
9
9
33
4
4
0
0
0
0
4
0
0
0
0
0
16
6
27
0
0
0
4
30
0
0
0
