Desktop Folder:soc9/9:D02M089C05   9 Sep 2000
336
30
0000
 -501
 -501
 -501
 -501
 -501
 -501
 -501
 -501
 -501
 -501
 -501
 -501
 -501
 -501
 -501
 -501
 -501
 -501
 -501
 -501
 -501
 -501
 -501
 -501
 -501
 -501
 -501
 -501
 -501
 -501
 -501
 -501
 -501
 -501
 -501
 -241
0
0
24
22
0
0
0
34
2
0
0
0
0
38
0
0
0
28
3
0
6
0
0
9
11
2
0
20
0
5
4
8
12
12
3
16
6
2
24
39
16
47
34
17
12
21
7
3
0
6
5
7
1
7
1
1
13
9
17
0
24
11
0
1
21
0
9
0
8
6
0
14
15
0
12
0
0
4
18
4
33
0
19
53
12
29
26
18
22
47
29
26
24
27
13
15
1
0
0
9
8
1
0
0
0
0
0
8
0
2
2
4
0
8
7
9
0
14
11
6
21
17
0
1
0
0
9
1
6
15
33
31
11
0
41
10
14
10
10
2
34
12
0
0
13
2
1
0
11
1
0
0
0
0
0
0
0
0
0
9
4
4
0
0
26
5
0
6
0
12
6
0
0
39
9
8
0
12
11
3
5
6
16
21
14
18
1
14
19
0
0
0
0
16
13
0
0
0
9
0
0
25
0
0
2
36
12
21
0
0
8
0
27
12
7
0
0
0
8
50
0
19
16
0
0
0
0
0
8
17
25
8
24
30
16
9
0
0
0
0
0
0
0
0
38
0
0
0
5
2
11
36
0
63
31
10
0
0
0
3
0
3
16
21
1
32
10
0
0
0
0
4
16
0
0
0
0
10
13
31
22
0
0
14
6
10
0
0
0
14
0
14
0
0
0
0
0
0
0
10
