Desktop Folder:soc9/9:D02M090C27   9 Sep 2000
336
30
0000
 -501
 -501
 -501
 -501
 -501
 -501
 -501
 -501
 -501
 -501
 -501
 -501
 -501
 -501
 -501
 -501
 -501
 -501
 -501
 -501
 -501
 -501
 -501
 -501
 -501
 -501
 -501
 -501
 -501
 -501
 -501
 -501
 -501
 -501
 -501
 -241
34
26
49
23
35
12
91
51
4
0
0
8
59
35
25
0
0
19
10
0
0
50
6
13
0
0
11
0
0
0
3
0
0
10
43
59
36
35
23
12
0
8
41
28
10
38
14
32
41
61
66
61
33
74
52
55
45
48
2
20
11
30
8
0
0
12
7
0
0
0
0
0
0
20
13
12
5
32
33
57
14
1
36
50
22
10
0
15
4
22
20
38
44
16
13
30
30
27
30
12
10
25
12
20
15
24
20
1
5
0
0
5
0
0
16
24
7
0
22
2
4
17
17
0
5
8
10
6
28
16
3
33
36
22
20
31
23
37
23
32
43
38
29
37
28
24
29
16
21
3
14
12
15
22
21
27
17
23
6
17
13
15
14
0
0
15
2
23
27
25
49
29
12
24
38
5
21
12
24
42
21
47
28
41
46
39
34
37
33
36
37
37
25
27
22
34
63
28
31
34
27
25
73
38
29
32
27
8
19
28
66
16
19
20
26
14
10
21
3
30
37
20
16
61
56
21
38
43
43
30
32
33
44
40
31
58
38
49
31
34
24
24
31
41
42
23
27
29
39
28
19
33
15
40
22
0
36
15
36
23
20
7
33
7
31
20
41
11
21
6
2
32
9
16
39
59
35
33
21
0
20
12
31
11
15
27
25
23
30
8
18
9
36
26
15
12
34
24
21
7
