Desktop Folder:soc9/9:D02M091C19   9 Sep 2000
336
30
0000
 -501
 -501
 -501
 -501
 -501
 -501
 -501
 -501
 -501
 -501
 -501
 -501
 -501
 -501
 -501
 -501
 -501
 -501
 -501
 -501
 -501
 -501
 -501
 -501
 -501
 -501
 -501
 -501
 -501
 -501
 -501
 -501
 -501
 -501
 -501
 -241
2
0
6
1
0
0
0
0
1
10
8
0
0
0
0
0
0
0
12
63
47
0
0
0
2
4
0
0
61
0
48
2
0
0
0
1
7
15
3
22
17
28
2
11
40
34
38
16
18
18
10
26
11
17
8
15
22
0
0
0
5
65
44
23
2
0
0
7
0
0
0
0
0
0
0
0
1
0
3
15
61
78
72
50
0
25
18
10
28
46
38
14
8
21
2
27
18
3
6
27
55
16
22
9
3
0
0
0
0
0
0
9
46
17
27
13
14
33
11
27
2
0
0
0
0
81
26
26
7
0
0
0
0
8
15
16
64
50
22
25
2
4
13
19
15
31
34
0
0
0
0
0
6
82
22
12
0
2
13
18
49
38
28
16
8
22
24
16
19
9
0
14
11
25
4
14
30
6
18
20
21
0
2
14
21
5
27
5
0
7
22
45
38
22
19
15
14
32
9
11
16
35
19
18
22
38
10
20
37
30
32
8
3
33
9
5
40
43
38
33
20
20
40
13
19
20
65
27
31
26
38
29
32
43
5
8
18
26
23
44
14
20
5
19
19
21
19
32
21
16
3
21
30
8
16
13
5
8
0
10
16
11
16
6
4
14
16
19
21
25
19
23
12
24
19
22
25
13
7
28
21
20
6
25
26
17
15
20
24
23
30
4
4
5
5
18
14
30
18
21
