Desktop Folder:soc9/9:D02M091C21   9 Sep 2000
336
30
0000
 -501
 -501
 -501
 -501
 -501
 -501
 -501
 -501
 -501
 -501
 -501
 -501
 -501
 -501
 -501
 -501
 -501
 -501
 -501
 -501
 -501
 -501
 -501
 -501
 -501
 -501
 -501
 -501
 -501
 -501
 -501
 -501
 -501
 -501
 -501
 -241
1
0
2
53
0
0
0
0
0
0
0
2
74
0
0
0
0
0
39
23
0
8
0
0
11
13
0
0
12
0
8
27
11
0
43
66
37
0
0
61
0
28
43
3
61
27
49
26
25
21
17
8
18
0
0
0
47
20
16
0
0
0
0
0
0
0
0
7
0
0
0
1
12
10
0
0
13
67
63
0
24
23
0
36
0
42
13
83
66
82
48
40
93
50
56
65
105
71
18
0
0
0
0
4
22
0
8
3
0
0
0
0
0
9
0
20
0
0
23
9
0
0
14
22
4
53
55
0
1
59
32
29
14
70
0
38
99
30
40
52
52
39
57
33
43
38
0
0
0
8
0
0
2
0
4
0
0
0
0
0
0
2
0
0
0
55
6
0
0
0
17
15
0
0
0
54
51
0
0
12
34
0
25
12
13
58
49
38
43
48
73
37
23
22
0
0
0
0
0
0
0
0
0
3
4
1
21
0
0
0
0
8
0
1
18
11
0
7
0
5
4
52
35
0
0
24
47
12
3
47
6
46
23
31
39
74
21
42
52
53
51
33
82
0
0
0
0
0
0
0
0
0
0
0
0
0
0
0
0
0
0
0
0
0
0
10
18
0
0
0
34
15
6
3
3
18
37
55
1
50
16
48
50
15
34
72
44
24
49
18
0
0
0
0
0
0
0
0
0
0
