Desktop Folder:soc9/9:D02M089C18   9 Sep 2000
336
30
0000
 -501
 -501
 -501
 -501
 -501
 -501
 -501
 -501
 -501
 -501
 -501
 -501
 -501
 -501
 -501
 -501
 -501
 -501
 -501
 -501
 -501
 -501
 -501
 -501
 -501
 -501
 -501
 -501
 -501
 -501
 -501
 -501
 -501
 -501
 -501
 -241
3
0
0
0
6
12
8
12
9
1
0
24
4
31
17
3
0
0
12
0
0
0
0
11
2
0
0
13
14
0
29
5
0
10
17
0
11
49
73
25
15
8
24
20
17
6
16
64
30
9
0
0
0
17
0
0
59
5
0
0
32
10
1
0
0
0
0
0
0
0
1
15
0
17
13
24
24
9
0
0
31
9
16
15
9
4
8
37
47
2
0
33
2
17
7
9
21
18
0
0
0
0
0
0
16
11
0
0
0
0
0
0
0
0
0
0
0
18
40
0
0
14
9
16
0
5
16
7
0
0
0
39
5
7
14
15
13
6
0
11
23
15
12
33
4
20
16
5
1
0
0
0
0
0
19
15
0
0
0
0
0
8
7
2
0
0
0
0
13
28
13
4
4
0
0
17
0
0
0
0
4
1
28
0
15
8
6
16
5
16
28
9
3
2
7
10
0
0
0
0
14
15
3
0
0
0
22
14
0
0
0
0
0
0
7
6
0
33
7
7
10
5
4
5
20
2
9
4
13
10
7
7
9
19
2
1
7
12
8
0
0
1
0
23
24
8
9
19
0
23
1
0
2
0
9
17
0
0
0
0
0
0
15
24
6
10
16
3
3
0
6
15
29
32
18
23
17
0
7
21
19
29
10
2
0
0
14
9
14
4
28
12
8
4
0
4
0
4
7
2
