Desktop Folder:soc9/9:D02M090C14   9 Sep 2000
336
30
0000
 -501
 -501
 -501
 -501
 -501
 -501
 -501
 -501
 -501
 -501
 -501
 -501
 -501
 -501
 -501
 -501
 -501
 -501
 -501
 -501
 -501
 -501
 -501
 -501
 -501
 -501
 -501
 -501
 -501
 -501
 -501
 -501
 -501
 -501
 -501
 -241
59
48
41
51
46
55
47
128
86
66
31
49
10
57
90
24
29
30
40
58
59
5
0
0
0
0
22
45
53
12
54
21
19
28
49
54
81
66
90
60
23
9
41
25
18
34
33
41
18
28
12
41
22
18
7
54
16
0
113
15
3
1
23
66
55
6
14
12
32
6
0
0
0
6
21
48
47
42
32
22
12
5
46
24
41
14
43
29
9
8
29
8
45
33
36
26
26
62
28
35
32
17
11
16
17
26
15
13
4
9
9
12
13
15
18
19
18
24
18
27
1
2
0
19
23
0
1
27
21
16
16
18
33
21
13
7
37
16
19
46
25
13
24
11
12
20
44
22
22
4
10
0
27
0
0
2
0
5
14
24
34
16
44
47
22
8
7
21
74
2
0
0
0
8
13
8
13
109
37
9
28
27
34
26
26
38
11
16
11
26
36
29
12
19
33
6
11
15
17
12
68
2
2
10
3
3
11
40
14
18
15
6
17
11
6
16
0
12
9
13
14
21
8
8
13
19
8
18
15
15
5
12
9
22
23
10
19
27
9
5
9
19
11
26
5
24
6
9
10
11
2
11
15
7
10
3
8
10
17
13
7
13
6
0
23
19
1
9
13
24
24
23
9
10
28
5
21
24
27
24
7
17
13
13
16
11
25
29
11
14
23
51
9
22
7
6
25
13
7
7
