Desktop Folder:soc9/9:D02M089C02   9 Sep 2000
336
30
0000
 -501
 -501
 -501
 -501
 -501
 -501
 -501
 -501
 -501
 -501
 -501
 -501
 -501
 -501
 -501
 -501
 -501
 -501
 -501
 -501
 -501
 -501
 -501
 -501
 -501
 -501
 -501
 -501
 -501
 -501
 -501
 -501
 -501
 -501
 -501
 -241
51
52
42
0
0
0
0
1
5
8
0
22
24
3
0
7
54
27
0
44
61
0
7
2
88
18
0
1
0
0
0
0
2
0
0
0
46
50
2
0
0
0
0
1
51
7
6
5
75
0
2
0
0
0
0
0
34
67
5
129
16
0
0
0
0
0
0
0
0
0
0
0
0
0
0
0
0
0
0
0
0
0
0
0
102
164
92
76
20
3
104
45
61
0
2
4
6
0
2
1
42
54
39
1
0
0
0
0
0
0
0
0
0
0
0
0
0
0
0
0
0
4
109
27
3
2
0
108
41
0
2
3
16
66
22
43
3
0
3
1
36
43
65
4
13
0
0
0
0
0
0
0
0
0
0
115
53
77
0
0
0
11
104
3
0
5
0
35
0
0
0
8
0
5
22
0
0
0
0
67
78
38
32
44
13
17
27
4
1
91
69
15
7
2
2
2
0
34
35
2
9
31
105
13
2
0
0
1
25
25
4
3
0
0
0
0
3
9
12
0
0
0
0
0
0
0
0
0
3
7
3
34
3
10
30
6
2
10
29
41
17
9
7
6
0
9
125
30
1
14
72
18
0
0
0
46
0
0
9
0
12
0
13
0
0
0
87
57
91
41
0
0
0
2
17
6
0
0
0
0
0
0
0
0
0
6
113
62
20
12
8
5
4
0
0
0
0
2
3
0
