Desktop Folder:soc9/9:D02M089C14   9 Sep 2000
336
30
0000
 -501
 -501
 -501
 -501
 -501
 -501
 -501
 -501
 -501
 -501
 -501
 -501
 -501
 -501
 -501
 -501
 -501
 -501
 -501
 -501
 -501
 -501
 -501
 -501
 -501
 -501
 -501
 -501
 -501
 -501
 -501
 -501
 -501
 -501
 -501
 -241
35
0
0
0
0
0
2
7
4
2
4
4
21
2
8
8
6
9
4
22
15
24
15
23
4
4
2
6
8
11
6
5
8
31
26
16
8
13
23
25
8
19
32
27
47
14
18
42
23
2
6
16
11
9
17
14
26
25
4
10
26
9
4
0
11
9
2
2
6
6
11
2
2
0
10
6
15
13
17
2
11
19
17
10
2
6
0
6
0
16
17
13
14
12
15
17
4
4
2
0
4
5
4
4
3
2
4
8
7
8
5
4
2
0
0
0
0
0
0
33
0
0
0
0
0
0
0
0
0
0
0
0
0
0
0
0
0
0
0
0
0
0
0
0
0
0
0
0
0
0
0
0
0
0
0
0
0
0
0
0
0
0
0
0
0
0
0
0
0
0
0
0
0
0
0
0
0
0
0
0
0
0
0
0
0
0
0
0
0
0
0
0
0
0
0
0
0
0
0
0
0
0
0
0
0
0
0
0
0
0
0
0
0
0
0
0
0
0
0
0
0
0
0
0
0
0
0
0
0
0
0
0
0
0
0
0
0
0
0
0
0
0
0
0
0
0
0
0
0
0
0
0
0
0
0
0
0
0
0
0
0
0
0
0
0
0
0
0
0
0
0
0
0
0
0
0
0
0
0
0
0
0
0
0
0
0
0
0
0
0
0
0
0
0
0
0
0
0
0
0
