Desktop Folder:soc9/9:D02M091C30   9 Sep 2000
336
30
0000
 -501
 -501
 -501
 -501
 -501
 -501
 -501
 -501
 -501
 -501
 -501
 -501
 -501
 -501
 -501
 -501
 -501
 -501
 -501
 -501
 -501
 -501
 -501
 -501
 -501
 -501
 -501
 -501
 -501
 -501
 -501
 -501
 -501
 -501
 -501
 -241
98
98
78
79
94
76
77
72
44
0
0
0
0
0
0
0
99
111
0
0
0
0
0
0
0
0
0
0
40
99
37
27
24
31
0
80
82
47
0
0
0
0
46
106
39
36
58
37
47
69
69
62
55
36
75
90
34
28
5
36
6
2
0
0
13
21
7
0
2
0
0
0
0
37
78
54
0
0
0
0
7
63
0
23
47
14
18
28
43
0
37
23
43
16
44
33
28
56
57
55
48
42
36
82
42
19
23
52
0
0
0
4
0
26
0
0
0
0
0
2
0
16
0
0
0
1
40
3
13
0
51
0
0
0
0
18
56
12
0
44
18
26
21
31
64
60
38
41
59
49
26
12
0
59
15
0
0
14
21
0
0
0
0
0
0
2
5
0
0
0
0
0
29
38
0
0
0
21
21
0
3
23
0
0
0
0
47
17
24
25
22
22
17
35
35
33
11
38
59
13
14
0
33
5
24
0
0
6
13
23
0
0
0
0
0
0
1
1
15
0
1
33
0
0
0
30
0
0
0
0
0
25
46
0
4
24
31
26
35
36
24
18
24
36
25
31
10
32
23
6
0
18
28
21
20
0
0
0
0
0
2
0
0
4
8
2
9
0
2
50
35
1
0
1
8
39
34
42
4
22
18
55
25
35
32
7
62
39
58
32
44
35
63
72
25
53
14
11
2
28
