Desktop Folder:soc9/9:D02M091C12   9 Sep 2000
336
30
0000
 -501
 -501
 -501
 -501
 -501
 -501
 -501
 -501
 -501
 -501
 -501
 -501
 -501
 -501
 -501
 -501
 -501
 -501
 -501
 -501
 -501
 -501
 -501
 -501
 -501
 -501
 -501
 -501
 -501
 -501
 -501
 -501
 -501
 -501
 -501
 -241
5
2
0
0
2
3
0
11
0
0
0
0
0
0
27
6
5
0
5
3
13
6
3
28
35
5
1
6
0
7
0
0
2
0
80
72
68
44
45
27
17
48
12
42
5
20
13
2
39
0
0
3
0
0
0
0
0
0
0
0
0
0
0
12
27
4
0
21
0
0
1
1
0
0
11
0
30
1
0
2
11
0
25
2
0
10
17
4
0
6
14
5
21
2
3
4
45
10
63
10
0
0
0
0
0
0
0
0
0
12
28
45
0
0
6
0
0
4
5
4
0
9
15
0
10
0
0
20
0
49
1
26
10
3
0
7
21
22
3
30
39
0
8
36
0
0
13
0
0
0
0
0
4
0
0
29
10
1
21
0
0
0
21
7
8
23
27
8
0
0
10
7
13
0
0
27
3
8
2
0
0
0
4
18
0
0
21
13
2
3
2
4
10
25
11
31
11
7
0
0
0
0
20
23
0
18
13
21
0
2
0
0
2
0
1
0
6
0
7
15
0
18
0
3
0
19
23
25
0
23
14
15
0
22
0
8
9
0
9
0
0
28
4
0
0
3
0
0
23
9
0
0
8
0
0
25
9
0
0
9
21
3
0
21
0
0
0
4
13
5
2
1
9
0
19
1
9
0
1
12
11
7
6
16
0
0
12
6
17
0
0
6
16
2
52
5
19
0
0
0
