Desktop Folder:soc9/9:D02M091C11   9 Sep 2000
336
30
0000
 -501
 -501
 -501
 -501
 -501
 -501
 -501
 -501
 -501
 -501
 -501
 -501
 -501
 -501
 -501
 -501
 -501
 -501
 -501
 -501
 -501
 -501
 -501
 -501
 -501
 -501
 -501
 -501
 -501
 -501
 -501
 -501
 -501
 -501
 -501
 -241
0
0
0
0
0
0
0
33
62
0
0
37
0
0
0
12
89
13
1
0
48
42
0
68
0
0
55
10
0
25
1
0
0
0
65
47
84
39
94
65
104
56
74
32
58
30
89
54
30
56
75
47
0
0
0
70
20
17
0
39
0
0
0
3
0
0
51
33
0
0
5
0
0
13
2
0
19
13
19
8
19
15
19
44
17
23
17
6
28
89
40
36
0
0
96
9
0
0
0
0
0
0
0
0
30
0
0
0
0
0
7
52
4
22
1
20
0
0
0
0
12
4
2
9
0
6
2
4
1
0
19
14
0
0
0
2
37
27
17
0
0
0
0
0
0
0
0
61
19
19
0
0
0
0
0
18
0
0
0
0
23
37
15
11
12
0
0
0
0
0
0
25
95
8
4
0
7
6
1
151
58
59
76
12
32
5
18
11
4
9
30
19
10
28
0
0
0
7
15
0
0
0
0
0
0
27
9
7
10
29
17
4
8
0
0
0
0
4
19
11
0
3
8
57
20
27
0
0
0
12
22
0
15
1
0
0
40
63
7
9
0
0
0
0
0
4
25
26
12
0
4
9
47
16
0
0
18
54
44
38
2
0
22
3
18
13
10
26
9
6
7
5
0
2
0
0
15
6
0
10
2
0
0
0
0
0
0
0
0
0
0
0
0
0
23
0
2
3
7
8
