Desktop Folder:soc9/9:D02M092C05   9 Sep 2000
336
30
0000
 -501
 -501
 -501
 -501
 -501
 -501
 -501
 -501
 -501
 -501
 -501
 -501
 -501
 -501
 -501
 -501
 -501
 -501
 -501
 -501
 -501
 -501
 -501
 -501
 -501
 -501
 -501
 -501
 -501
 -501
 -501
 -501
 -501
 -501
 -501
 -241
0
0
0
45
7
4
0
0
0
0
0
0
0
0
0
35
57
11
1
3
4
1
0
5
67
40
0
0
8
52
0
0
52
25
14
9
0
0
56
63
0
0
0
7
58
10
45
35
0
22
0
26
23
0
0
0
0
1
13
31
0
0
0
0
6
20
0
6
0
0
0
0
0
0
9
28
0
0
0
0
0
0
47
32
23
0
49
14
0
0
0
64
31
0
20
57
0
15
0
21
0
0
0
27
12
0
0
0
0
0
0
19
0
0
0
0
0
27
32
0
15
37
16
0
0
0
0
0
0
39
53
27
11
51
0
0
76
14
18
37
31
36
0
40
5
17
34
0
56
0
14
0
0
0
0
0
0
0
0
0
0
37
51
21
4
0
8
0
0
45
12
0
28
32
33
0
0
58
66
27
8
0
0
0
49
31
0
33
33
20
20
33
52
11
21
19
18
3
19
0
0
30
1
0
7
0
0
15
20
1
0
0
25
24
6
0
4
0
43
2
25
0
0
18
59
8
0
0
0
13
27
1
0
29
29
26
0
31
16
31
40
29
32
15
35
0
17
0
0
0
3
4
0
0
0
0
0
0
0
0
0
15
0
14
20
3
0
66
26
0
0
0
2
29
31
33
0
26
15
21
0
34
45
0
72
36
1
38
23
18
4
41
0
0
0
0
0
15
0
0
