Desktop Folder:soc9/9:D02M090C22   9 Sep 2000
336
30
0000
 -501
 -501
 -501
 -501
 -501
 -501
 -501
 -501
 -501
 -501
 -501
 -501
 -501
 -501
 -501
 -501
 -501
 -501
 -501
 -501
 -501
 -501
 -501
 -501
 -501
 -501
 -501
 -501
 -501
 -501
 -501
 -501
 -501
 -501
 -501
 -241
17
9
60
42
28
14
58
53
36
42
64
11
1
48
58
0
1
0
26
14
2
36
67
26
0
0
0
26
0
10
18
30
0
11
9
2
85
74
74
24
13
34
0
3
0
9
52
49
0
51
27
55
24
22
27
26
42
42
11
15
4
0
5
3
0
40
23
0
0
0
14
0
17
25
11
34
0
1
16
6
47
73
6
33
42
21
0
75
82
26
0
35
10
2
36
12
17
0
21
16
69
38
80
36
60
83
16
12
0
0
0
0
0
24
19
11
8
1
3
0
8
0
0
0
5
8
10
12
5
29
5
0
0
0
0
43
84
29
11
2
29
66
25
17
21
34
26
3
43
30
38
33
32
22
13
0
0
6
0
0
2
0
7
19
7
5
16
1
2
0
0
2
0
0
0
6
11
1
25
12
0
2
24
1
12
20
40
5
11
2
13
20
29
19
61
31
22
40
49
19
25
20
31
15
0
0
6
0
0
0
34
16
1
3
0
11
1
6
1
2
33
20
12
10
7
6
23
6
12
14
20
18
9
19
8
0
23
16
29
12
34
48
28
24
26
28
40
28
39
75
0
3
9
12
7
0
6
8
5
8
7
8
0
13
0
0
0
0
0
2
0
0
6
0
5
21
0
18
0
14
17
9
4
18
0
5
31
23
21
9
30
19
15
1
18
14
15
0
4
17
