Desktop Folder:soc9/9:D02M091C02   9 Sep 2000
336
30
0000
 -501
 -501
 -501
 -501
 -501
 -501
 -501
 -501
 -501
 -501
 -501
 -501
 -501
 -501
 -501
 -501
 -501
 -501
 -501
 -501
 -501
 -501
 -501
 -501
 -501
 -501
 -501
 -501
 -501
 -501
 -501
 -501
 -501
 -501
 -501
 -241
32
37
36
33
8
0
20
10
20
16
16
10
0
40
57
2
72
14
37
59
1
0
0
2
17
3
12
0
22
16
0
0
49
39
45
45
0
15
58
44
18
83
21
40
0
3
79
64
18
61
19
24
23
27
47
22
41
0
2
0
4
0
0
0
0
34
0
24
0
25
0
0
0
0
27
42
0
0
7
67
22
0
28
17
46
2
0
0
38
34
32
47
14
74
6
24
43
31
26
7
0
47
23
2
24
0
38
0
1
15
19
0
15
0
0
10
2
0
8
0
0
0
0
34
37
5
1
35
0
8
70
69
22
3
23
55
10
15
0
59
43
36
26
8
17
2
28
39
38
13
85
0
14
0
0
6
0
0
5
0
0
0
12
3
0
0
23
27
0
0
0
0
2
0
4
0
3
22
35
55
2
56
25
40
28
4
38
44
32
33
17
57
30
36
26
35
52
33
63
13
7
10
15
19
0
0
14
0
0
0
6
0
4
1
5
0
0
5
15
0
8
0
0
0
5
26
29
0
36
0
0
44
30
3
53
19
14
36
30
33
62
56
38
36
26
56
23
30
53
0
10
2
24
8
13
4
25
17
24
22
0
0
0
0
1
23
11
10
0
40
0
49
24
20
0
35
4
48
17
32
21
33
34
31
29
17
34
33
18
37
34
21
6
42
23
5
8
13
26
0
