Desktop Folder:soc9/9:D02M091C07   9 Sep 2000
336
30
0000
 -501
 -501
 -501
 -501
 -501
 -501
 -501
 -501
 -501
 -501
 -501
 -501
 -501
 -501
 -501
 -501
 -501
 -501
 -501
 -501
 -501
 -501
 -501
 -501
 -501
 -501
 -501
 -501
 -501
 -501
 -501
 -501
 -501
 -501
 -501
 -241
19
24
6
2
12
98
2
11
31
3
4
0
113
56
37
25
79
146
94
55
0
0
22
4
0
0
98
19
0
25
24
71
0
23
24
19
0
53
35
32
71
27
43
39
44
51
21
6
0
0
0
0
0
8
0
0
0
0
0
0
0
0
0
0
20
0
51
51
20
14
1
8
5
1
32
4
15
16
39
24
7
20
20
24
24
30
25
28
28
34
8
62
51
47
22
24
12
0
35
0
0
0
0
18
0
0
6
11
0
0
0
0
42
11
0
40
0
0
5
4
15
11
0
0
10
0
42
28
100
42
14
21
32
45
28
14
28
41
4
0
0
0
0
2
0
17
27
2
0
1
2
52
38
1
0
1
7
0
27
43
3
0
0
12
35
9
0
13
8
0
2
18
0
30
0
9
5
18
28
34
6
11
22
19
23
4
46
0
0
0
0
2
0
11
0
41
31
18
9
0
0
0
0
0
3
12
33
17
34
12
6
41
2
0
4
11
1
0
0
24
23
17
12
9
6
21
14
11
24
30
17
10
18
0
0
0
0
0
0
0
6
6
0
0
13
16
3
0
0
0
0
37
18
5
3
7
33
52
35
0
0
0
15
4
11
21
1
35
4
21
23
15
0
19
0
17
53
17
1
0
0
0
24
26
21
15
5
0
0
0
0
0
0
0
0
19
0
0
0
18
