Desktop Folder:soc9/9:D02M091C09   9 Sep 2000
336
30
0000
 -501
 -501
 -501
 -501
 -501
 -501
 -501
 -501
 -501
 -501
 -501
 -501
 -501
 -501
 -501
 -501
 -501
 -501
 -501
 -501
 -501
 -501
 -501
 -501
 -501
 -501
 -501
 -501
 -501
 -501
 -501
 -501
 -501
 -501
 -501
 -241
0
0
0
0
0
0
2
3
11
8
3
7
0
32
3
0
7
85
25
17
0
0
0
0
0
70
11
119
7
21
0
0
37
51
19
3
21
29
13
8
36
58
18
10
34
0
0
0
0
0
0
0
0
20
17
28
74
0
17
0
0
0
68
36
1
2
47
16
85
15
0
14
22
0
5
19
10
4
39
0
4
0
12
24
12
35
4
8
23
27
32
11
2
0
0
0
17
0
0
0
56
44
7
0
23
20
0
0
0
90
15
0
46
22
0
13
37
12
43
19
0
0
48
18
0
10
3
13
31
18
0
22
6
14
6
0
35
14
53
10
0
0
28
52
0
21
62
2
0
54
5
0
1
0
11
0
0
15
24
18
22
0
0
12
45
18
22
1
0
11
0
34
4
1
3
19
11
3
49
0
11
6
18
6
32
17
10
0
0
0
0
23
32
5
0
0
0
0
0
0
0
0
12
0
0
39
22
0
30
0
5
16
11
25
2
0
5
7
13
0
27
0
45
0
3
0
32
3
3
22
24
23
2
32
38
42
12
0
0
0
0
0
45
5
0
16
45
0
0
0
1
39
0
19
3
46
50
0
0
5
0
16
0
25
48
8
31
14
22
28
0
14
0
0
3
0
47
64
51
49
24
12
40
30
0
0
2
0
29
27
15
15
0
0
0
0
0
0
11
0
