Desktop Folder:soc9/9:D02M092C21   9 Sep 2000
336
30
0000
 -501
 -501
 -501
 -501
 -501
 -501
 -501
 -501
 -501
 -501
 -501
 -501
 -501
 -501
 -501
 -501
 -501
 -501
 -501
 -501
 -501
 -501
 -501
 -501
 -501
 -501
 -501
 -501
 -501
 -501
 -501
 -501
 -501
 -501
 -501
 -241
5
12
12
0
29
0
0
25
0
0
0
0
36
0
0
0
0
0
0
22
43
0
0
35
0
0
0
0
0
0
26
10
16
0
23
47
0
0
49
22
14
0
21
64
0
72
16
48
41
28
40
36
33
51
0
31
0
38
0
0
33
25
4
0
1
23
0
0
4
2
0
5
0
0
0
0
60
0
0
19
0
0
0
0
41
20
26
65
0
0
0
47
0
27
32
40
19
55
20
8
38
31
41
38
0
17
19
35
9
0
0
0
0
25
11
0
16
0
0
0
0
0
58
11
12
0
13
17
15
0
0
19
42
1
0
26
0
29
0
14
23
23
27
0
39
12
80
5
34
48
39
40
31
23
11
26
0
0
0
0
0
29
0
0
0
0
0
16
11
5
20
0
0
0
40
0
0
15
28
0
0
9
0
0
1
98
2
0
28
0
33
2
30
49
44
39
43
23
36
60
19
44
7
0
0
0
25
0
0
27
8
0
0
0
0
0
71
0
8
0
0
42
0
0
0
31
13
2
21
0
0
0
0
23
26
18
0
19
17
23
38
0
27
36
23
22
1
39
46
40
30
0
0
26
20
1
0
12
12
0
12
0
0
0
0
0
37
7
5
20
0
0
8
0
0
0
0
0
3
55
51
0
0
56
0
20
16
25
33
36
37
35
36
0
21
0
33
20
0
0
