Desktop Folder:soc9/9:D02M089C25   9 Sep 2000
336
30
0000
 -501
 -501
 -501
 -501
 -501
 -501
 -501
 -501
 -501
 -501
 -501
 -501
 -501
 -501
 -501
 -501
 -501
 -501
 -501
 -501
 -501
 -501
 -501
 -501
 -501
 -501
 -501
 -501
 -501
 -501
 -501
 -501
 -501
 -501
 -501
 -241
0
0
0
1
0
5
0
17
0
0
0
46
15
0
0
0
77
92
64
0
18
0
0
0
0
0
0
0
0
0
72
113
11
15
19
23
7
0
68
38
79
72
77
64
59
91
11
0
0
7
9
0
0
0
23
0
0
0
8
4
48
0
16
0
32
13
9
20
34
0
0
0
0
0
0
0
0
41
0
3
75
0
19
41
28
33
24
33
25
52
63
88
75
61
67
69
58
37
0
4
20
0
2
4
47
12
0
1
7
33
78
55
11
97
123
49
22
34
18
0
55
43
57
29
31
0
15
63
45
36
115
19
66
67
31
51
46
65
54
48
61
63
18
4
8
0
7
0
13
10
0
47
44
56
59
19
1
61
36
4
43
18
63
21
39
24
20
4
0
0
11
47
51
12
41
34
5
80
43
6
86
56
61
63
46
53
32
79
49
51
13
21
5
0
59
39
56
36
81
68
6
18
7
33
0
29
0
4
116
52
25
42
18
16
6
19
32
15
2
56
9
0
47
42
4
28
41
26
35
28
41
46
60
35
56
22
3
5
4
0
10
0
0
22
0
0
0
0
2
0
49
0
12
47
36
64
37
52
24
9
29
17
0
26
0
21
19
7
32
18
42
16
53
37
18
17
18
9
51
68
43
51
0
0
0
0
0
0
2
3
0
0
0
5
0
3
5
0
0
0
